187500	187500	5571.865234	-5481.541992	187500	187500	187500	187500
187500	187500	5586.371582	-5466.432129	187500	187500	187500	187500
187500	187500	5589.858398	-5491.041504	187500	187500	187500	187500
187500	187500	5580.73877	-5512.297852	187500	187500	187500	187500
187500	187500	5567.104492	-5513.013184	187500	187500	187500	187500
187500	187500	5555.928223	-5520.500977	187500	187500	187500	187500
187500	187500	5559.571777	-5532.861328	187500	187500	187500	187500
187500	187500	5564.243164	-5553.760254	187500	187500	187500	187500
187500	187500	5558.297852	-5571.328613	187500	187500	187500	187500
187500	187500	5554.095703	-5587.153809	187500	187500	187500	187500
187500	187500	5559.169434	-5608.969238	187500	187500	187500	187500
187500	187500	5561.359863	-5645.559082	187500	187500	187500	187500
187500	187500	5560.95752	-5657.763184	187500	187500	187500	187500
187500	187500	5558.901367	-5658.098145	187500	187500	187500	187500
187500	187500	5564.757324	-5666.927246	187500	187500	187500	187500
187500	187500	5563.527832	-5699.225586	187500	187500	187500	187500
187500	187500	5545.020996	-5728.573242	187500	187500	187500	187500
187500	187500	5539.030273	-5715.765625	187500	187500	187500	187500
187500	187500	5526.021973	-5704.768555	187500	187500	187500	187500
187500	187500	5512.856445	-5715.273926	187500	187500	187500	187500
187500	187500	5481.720703	-5733.312012	187500	187500	187500	187500
187500	187500	5461.000488	-5729.064941	187500	187500	187500	187500
187500	187500	5452.842285	-5702.310059	187500	187500	187500	187500
187500	187500	5450.919922	-5707.227539	187500	187500	187500	187500
187500	187500	5433.351563	-5730.897949	187500	187500	187500	187500
187500	187500	5412.162109	-5727.276855	187500	187500	187500	187500
187500	187500	5408.943359	-5706.601563	187500	187500	187500	187500
187500	187500	5409.099609	-5711.228516	187500	187500	187500	187500
187500	187500	5383.194336	-5738.430176	187500	187500	187500	187500
187500	187500	5356.640137	-5744.420898	187500	187500	187500	187500
187500	187500	5370.654785	-5722.985352	187500	187500	187500	187500
187500	187500	5383.686035	-5725.041504	187500	187500	187500	187500
187500	187500	5347.922852	-5757.630371	187500	187500	187500	187500
187500	187500	5319.334961	-5787.067871	187500	187500	187500	187500
187500	187500	5324.386719	-5769.879395	187500	187500	187500	187500
187500	187500	5349.085449	-5760.402344	187500	187500	187500	187500
187500	187500	5346.04541	-5792.745117	187500	187500	187500	187500
187500	187500	5334.713379	-5818.382813	187500	187500	187500	187500
187500	187500	5327.962891	-5808.436035	187500	187500	187500	187500
187500	187500	5332.589844	-5815.678223	187500	187500	187500	187500
187500	187500	5315.848145	-5848.132813	187500	187500	187500	187500
187500	187500	5306.304199	-5869.344727	187500	187500	187500	187500
187500	187500	5299.665527	-5860.649902	187500	187500	187500	187500
187500	187500	5306.661621	-5849.09375	187500	187500	187500	187500
187500	187500	5314.194336	-5854.838379	187500	187500	187500	187500
187500	187500	5308.248535	-5858.682617	187500	187500	187500	187500
187500	187500	5305.365234	-5847.864746	187500	187500	187500	187500
187500	187500	5324.542969	-5828.239746	187500	187500	187500	187500
187500	187500	5336.367188	-5817.421387	187500	187500	187500	187500
187500	187500	5317.32373	-5817.197754	187500	187500	187500	187500
187500	187500	5321.033691	-5814.94043	187500	187500	187500	187500
187500	187500	5325.280762	-5780.071777	187500	187500	187500	187500
187500	187500	5306.795898	-5772.82959	187500	187500	187500	187500
187500	187500	5291.08252	-5787.626465	187500	187500	187500	187500
187500	187500	5294.033203	-5773.880371	187500	187500	187500	187500
187500	187500	5320.541992	-5743.07959	187500	187500	187500	187500
187500	187500	5352.259277	-5719.744141	187500	187500	187500	187500
187500	187500	5364.150391	-5704.120605	187500	187500	187500	187500
187500	187500	5361.915039	-5689.278809	187500	187500	187500	187500
187500	187500	5374.253418	-5657.830078	187500	187500	187500	187500
187500	187500	5404.092773	-5635.769043	187500	187500	187500	187500
187500	187500	5407.580078	-5636.595703	187500	187500	187500	187500
187500	187500	5399.622559	-5626.336426	187500	187500	187500	187500
187500	187500	5407.959961	-5603.336426	187500	187500	187500	187500
187500	187500	5423.98584	-5584.829102	187500	187500	187500	187500
187500	187500	5423.67334	-5599.156738	187500	187500	187500	187500
187500	187500	5409.79248	-5603.58252	187500	187500	187500	187500
187500	187500	5434.692383	-5579.979004	187500	187500	187500	187500
187500	187500	5477.026855	-5552.888672	187500	187500	187500	187500
187500	187500	5489.454102	-5555.570801	187500	187500	187500	187500
187500	187500	5479.865234	-5570.881836	187500	187500	187500	187500
187500	187500	5477.76416	-5560.488281	187500	187500	187500	187500
187500	187500	5497.277344	-5553.760254	187500	187500	187500	187500
187500	187500	5510.442383	-5564.913574	187500	187500	187500	187500
187500	187500	5504.161621	-5583.331543	187500	187500	187500	187500
187500	187500	5504.072266	-5571.306641	187500	187500	187500	187500
187500	187500	5511.515625	-5557.448242	187500	187500	187500	187500
187500	187500	5518.667969	-5569.786621	187500	187500	187500	187500
187500	187500	5521.596191	-5591.266602	187500	187500	187500	187500
187500	187500	5519.338379	-5595.781738	187500	187500	187500	187500
187500	187500	5525.462891	-5581.09668	187500	187500	187500	187500
187500	187500	5526.804199	-5592.227539	187500	187500	187500	187500
187500	187500	5516.187012	-5612.679688	187500	187500	187500	187500
187500	187500	5510.844727	-5605.661133	187500	187500	187500	187500
187500	187500	5515.98584	-5583.488281	187500	187500	187500	187500
187500	187500	5522.177246	-5582.325684	187500	187500	187500	187500
187500	187500	5518.288086	-5593.77002	187500	187500	187500	187500
187500	187500	5511.180176	-5594.10498	187500	187500	187500	187500
187500	187500	5514.510742	-5571.060547	187500	187500	187500	187500
187500	187500	5532.414551	-5555.123535	187500	187500	187500	187500
187500	187500	5530.291016	-5568.400879	187500	187500	187500	187500
187500	187500	5515.82959	-5576.670898	187500	187500	187500	187500
187500	187500	5504.586426	-5562.030273	187500	187500	187500	187500
187500	187500	5503.536133	-5552.106445	187500	187500	187500	187500
187500	187500	5501.27832	-5566.813477	187500	187500	187500	187500
187500	187500	5487.331055	-5579.241211	187500	187500	187500	187500
187500	187500	5477.719727	-5568.355957	187500	187500	187500	187500
187500	187500	5491.063477	-5547.077148	187500	187500	187500	187500
187500	187500	5498.39502	-5550.810059	187500	187500	187500	187500
187500	187500	5488.60498	-5565.271484	187500	187500	187500	187500
187500	187500	5475.663086	-5556.621094	187500	187500	187500	187500
187500	187500	5477.250488	-5541.35498	187500	187500	187500	187500
187500	187500	5485.855469	-5550.876953	187500	187500	187500	187500
187500	187500	5475.216309	-5573.966309	187500	187500	187500	187500
187500	187500	5465.984863	-5572.871094	187500	187500	187500	187500
187500	187500	5494.259766	-5537.868164	187500	187500	187500	187500
187500	187500	5505.637207	-5535.878906	187500	187500	187500	187500
187500	187500	5500.719727	-5559.862305	187500	187500	187500	187500
187500	187500	5494.416504	-5564.779785	187500	187500	187500	187500
187500	187500	5497.456055	-5543.90332	187500	187500	187500	187500
187500	187500	5508.676758	-5538.382324	187500	187500	187500	187500
187500	187500	5507.179199	-5557.336426	187500	187500	187500	187500
187500	187500	5489.61084	-5566.567871	187500	187500	187500	187500
187500	187500	5488.023926	-5552.374512	187500	187500	187500	187500
187500	187500	5503.82666	-5540.103516	187500	187500	187500	187500
187500	187500	5517.282227	-5541.623535	187500	187500	187500	187500
187500	187500	5508.743652	-5543.210449	187500	187500	187500	187500
187500	187500	5507.87207	-5528.592285	187500	187500	187500	187500
187500	187500	5516.14209	-5519.562012	187500	187500	187500	187500
187500	187500	5525.44043	-5522.937012	187500	187500	187500	187500
187500	187500	5526.558105	-5530.670898	187500	187500	187500	187500
187500	187500	5511.694336	-5543.679688	187500	187500	187500	187500
187500	187500	5510.040527	-5546.629883	187500	187500	187500	187500
187500	187500	5516.14209	-5566.835938	187500	187500	187500	187500
187500	187500	5501.501953	-5592.339355	187500	187500	187500	187500
187500	187500	5498.484375	-5588.628906	187500	187500	187500	187500
187500	187500	5504.98877	-5582.817383	187500	187500	187500	187500
187500	187500	5513.482422	-5593.92627	187500	187500	187500	187500
187500	187500	5510.755371	-5610.533691	187500	187500	187500	187500
187500	187500	5500.004395	-5615.741699	187500	187500	187500	187500
187500	187500	5502.418457	-5605.236328	187500	187500	187500	187500
187500	187500	5497.635254	-5622.223633	187500	187500	187500	187500
187500	187500	5487.308594	-5650.900879	187500	187500	187500	187500
187500	187500	5470.053223	-5663.417969	187500	187500	187500	187500
187500	187500	5466.76709	-5657.114746	187500	187500	187500	187500
187500	187500	5471.841309	-5660.22168	187500	187500	187500	187500
187500	187500	5472.243652	-5677.030273	187500	187500	187500	187500
187500	187500	5457.200684	-5687.893066	187500	187500	187500	187500
187500	187500	5455.881836	-5677.365234	187500	187500	187500	187500
187500	187500	5467.482422	-5669.430664	187500	187500	187500	187500
187500	187500	5455.479492	-5696.677246	187500	187500	187500	187500
187500	187500	5438.581543	-5712.45752	187500	187500	187500	187500
187500	187500	5434.625488	-5696.56543	187500	187500	187500	187500
187500	187500	5441.331055	-5682.170898	187500	187500	187500	187500
187500	187500	5443.96875	-5690.262207	187500	187500	187500	187500
187500	187500	5433.575195	-5700.432617	187500	187500	187500	187500
187500	187500	5422.287109	-5689.122559	187500	187500	187500	187500
187500	187500	5425.796387	-5671.73291	187500	187500	187500	187500
187500	187500	5434.401855	-5673.163086	187500	187500	187500	187500
187500	187500	5430.915039	-5681.388672	187500	187500	187500	187500
187500	187500	5419.068848	-5678.147949	187500	187500	187500	187500
187500	187500	5426.086914	-5660.959473	187500	187500	187500	187500
187500	187500	5436.86084	-5659.663086	187500	187500	187500	187500
187500	187500	5429.104492	-5677.834961	187500	187500	187500	187500
187500	187500	5424.298828	-5672.515137	187500	187500	187500	187500
187500	187500	5429.663574	-5656.645508	187500	187500	187500	187500
187500	187500	5434.580566	-5662.836914	187500	187500	187500	187500
187500	187500	5423.740234	-5689.859863	187500	187500	187500	187500
187500	187500	5399.756836	-5699.247559	187500	187500	187500	187500
187500	187500	5409.814941	-5670.950684	187500	187500	187500	187500
187500	187500	5434.446777	-5652.912598	187500	187500	187500	187500
187500	187500	5445.354492	-5660.512207	187500	187500	187500	187500
187500	187500	5440.258301	-5661.383789	187500	187500	187500	187500
187500	187500	5434.446777	-5646.877441	187500	187500	187500	187500
187500	187500	5436.637207	-5644.84375	187500	187500	187500	187500
187500	187500	5436.145508	-5660.109863	187500	187500	187500	187500
187500	187500	5437.307617	-5661.965332	187500	187500	187500	187500
187500	187500	5438.022949	-5647.101074	187500	187500	187500	187500
187500	187500	5441.286133	-5646.140137	187500	187500	187500	187500
187500	187500	5461.224121	-5650.565918	187500	187500	187500	187500
187500	187500	5459.994629	-5659.774414	187500	187500	187500	187500
187500	187500	5460.732422	-5645.670898	187500	187500	187500	187500
187500	187500	5469.784668	-5632.192383	187500	187500	187500	187500
187500	187500	5474.90332	-5640.060547	187500	187500	187500	187500
187500	187500	5468.443848	-5650.498535	187500	187500	187500	187500
187500	187500	5477.250488	-5631.790039	187500	187500	187500	187500
187500	187500	5507.112305	-5597.569824	187500	187500	187500	187500
187500	187500	5523.697266	-5596.004883	187500	187500	187500	187500
187500	187500	5524.61377	-5604.387207	187500	187500	187500	187500
187500	187500	5520.344238	-5595.803711	187500	187500	187500	187500
187500	187500	5528.055664	-5568.937012	187500	187500	187500	187500
187500	187500	5543.366699	-5565.003418	187500	187500	187500	187500
187500	187500	5538.449219	-5584.382324	187500	187500	187500	187500
187500	187500	5532.570801	-5580.671875	187500	187500	187500	187500
187500	187500	5544.171387	-5558.09668	187500	187500	187500	187500
187500	187500	5559.393066	-5552.106445	187500	187500	187500	187500
187500	187500	5559.348145	-5567.171387	187500	187500	187500	187500
187500	187500	5545.289063	-5567.685547	187500	187500	187500	187500
187500	187500	5548.418457	-5547.479492	187500	187500	187500	187500
187500	187500	5561.762207	-5541.131348	187500	187500	187500	187500
187500	187500	5562.946777	-5556.196777	187500	187500	187500	187500
187500	187500	5547.345215	-5571.641602	187500	187500	187500	187500
187500	187500	5545.758301	-5559.191895	187500	187500	187500	187500
187500	187500	5558.61084	-5544.260742	187500	187500	187500	187500
187500	187500	5560.175293	-5561.717285	187500	187500	187500	187500
187500	187500	5551.815918	-5579.934082	187500	187500	187500	187500
187500	187500	5549.669922	-5571.127441	187500	187500	187500	187500
187500	187500	5569.518066	-5544.283203	187500	187500	187500	187500
187500	187500	5572.178223	-5551.078125	187500	187500	187500	187500
187500	187500	5568.758301	-5566.232422	187500	187500	187500	187500
187500	187500	5564.757324	-5554.296875	187500	187500	187500	187500
187500	187500	5576.402832	-5533.174316	187500	187500	187500	187500
187500	187500	5579.397949	-5539.14209	187500	187500	187500	187500
187500	187500	5573.65332	-5554.185059	187500	187500	187500	187500
187500	187500	5570.591309	-5547.836914	187500	187500	187500	187500
187500	187500	5577.766113	-5528.726563	187500	187500	187500	187500
187500	187500	5589.344238	-5527.250977	187500	187500	187500	187500
187500	187500	5585.075195	-5544.05957	187500	187500	187500	187500
187500	187500	5580.023438	-5540.662109	187500	187500	187500	187500
187500	187500	5581.230469	-5528.905273	187500	187500	187500	187500
187500	187500	5591.937012	-5521.774902	187500	187500	187500	187500
187500	187500	5598.933105	-5523.138184	187500	187500	187500	187500
187500	187500	5603.381348	-5516.455078	187500	187500	187500	187500
187500	187500	5611.584473	-5490.236816	187500	187500	187500	187500
187500	187500	5620.837891	-5484.268555	187500	187500	187500	187500
187500	187500	5620.972168	-5504.787598	187500	187500	187500	187500
187500	187500	5608.589355	-5506.17334	187500	187500	187500	187500
187500	187500	5608.589355	-5483.598145	187500	187500	187500	187500
187500	187500	5622.894043	-5463.124023	187500	187500	187500	187500
187500	187500	5619.161621	-5475.484375	187500	187500	187500	187500
187500	187500	5601.816406	-5492.181152	187500	187500	187500	187500
187500	187500	5595.267578	-5478.546875	187500	187500	187500	187500
187500	187500	5602.196289	-5458.720703	187500	187500	187500	187500
187500	187500	5607.382324	-5466.968262	187500	187500	187500	187500
187500	187500	5593.613281	-5482.770996	187500	187500	187500	187500
187500	187500	5572.558105	-5488.962402	187500	187500	187500	187500
187500	187500	5573.049805	-5482.905273	187500	187500	187500	187500
187500	187500	5580.470703	-5491.913086	187500	187500	187500	187500
187500	187500	5581.76709	-5512.878906	187500	187500	187500	187500
187500	187500	5568.020508	-5521.506836	187500	187500	187500	187500
187500	187500	5567.305664	-5514.152832	187500	187500	187500	187500
187500	187500	5574.636719	-5520.612793	187500	187500	187500	187500
187500	187500	5578.347168	-5539.187012	187500	187500	187500	187500
187500	187500	5569.76416	-5547.054688	187500	187500	187500	187500
187500	187500	5559.393066	-5541.667969	187500	187500	187500	187500
187500	187500	5569.898438	-5539.164551	187500	187500	187500	187500
187500	187500	5560.30957	-5566.232422	187500	187500	187500	187500
187500	187500	5538.382324	-5592.361816	187500	187500	187500	187500
187500	187500	5525.149902	-5598.888672	187500	187500	187500	187500
187500	187500	5520.590332	-5610.041992	187500	187500	187500	187500
187500	187500	5517.818848	-5632.036133	187500	187500	187500	187500
187500	187500	5504.921875	-5647.861328	187500	187500	187500	187500
187500	187500	5495.645996	-5642.273438	187500	187500	187500	187500
187500	187500	5493.790527	-5638.786133	187500	187500	187500	187500
187500	187500	5471.997559	-5661.741699	187500	187500	187500	187500
187500	187500	5453.356445	-5676.873535	187500	187500	187500	187500
187500	187500	5447.656738	-5665.541504	187500	187500	187500	187500
187500	187500	5442.180176	-5658.768555	187500	187500	187500	187500
187500	187500	5433.575195	-5674.861816	187500	187500	187500	187500
187500	187500	5415.20166	-5692.207031	187500	187500	187500	187500
187500	187500	5401.656738	-5683.646484	187500	187500	187500	187500
187500	187500	5403.221191	-5670.279785	187500	187500	187500	187500
187500	187500	5396.672363	-5688.340332	187500	187500	187500	187500
187500	187500	5383.328125	-5705.595703	187500	187500	187500	187500
187500	187500	5379.237793	-5699.001953	187500	187500	187500	187500
187500	187500	5381.71875	-5684.026367	187500	187500	187500	187500
187500	187500	5384.669434	-5688.720215	187500	187500	187500	187500
187500	187500	5386.055176	-5698.711426	187500	187500	187500	187500
187500	187500	5373.761719	-5706.064941	187500	187500	187500	187500
187500	187500	5366.788086	-5698.062988	187500	187500	187500	187500
187500	187500	5371.59375	-5698.711426	187500	187500	187500	187500
187500	187500	5382.099121	-5707.786133	187500	187500	187500	187500
187500	187500	5375.326172	-5714.044434	187500	187500	187500	187500
187500	187500	5376.48877	-5697.012695	187500	187500	187500	187500
187500	187500	5377.472168	-5689.792969	187500	187500	187500	187500
187500	187500	5372.755859	-5707.92041	187500	187500	187500	187500
187500	187500	5362.742188	-5714	187500	187500	187500	187500
187500	187500	5366.430176	-5694.486816	187500	187500	187500	187500
187500	187500	5386.12207	-5678.013672	187500	187500	187500	187500
187500	187500	5398.393555	-5682.86377	187500	187500	187500	187500
187500	187500	5398.527344	-5687.893066	187500	187500	187500	187500
187500	187500	5404.651855	-5669.721191	187500	187500	187500	187500
187500	187500	5418.532227	-5648.486816	187500	187500	187500	187500
187500	187500	5414.978516	-5660.445313	187500	187500	187500	187500
187500	187500	5408.541016	-5677.723145	187500	187500	187500	187500
187500	187500	5399.555664	-5672.515137	187500	187500	187500	187500
187500	187500	5396.314453	-5661.316895	187500	187500	187500	187500
187500	187500	5410.150391	-5650.118652	187500	187500	187500	187500
187500	187500	5408.406738	-5656.041992	187500	187500	187500	187500
187500	187500	5396.158203	-5656.086426	187500	187500	187500	187500
187500	187500	5394.615723	-5640.261719	187500	187500	187500	187500
187500	187500	5403.109375	-5637.534668	187500	187500	187500	187500
187500	187500	5415.447754	-5649.470703	187500	187500	187500	187500
187500	187500	5414.553711	-5647.995117	187500	187500	187500	187500
187500	187500	5413.458496	-5629.756348	187500	187500	187500	187500
187500	187500	5428.299805	-5617.797852	187500	187500	187500	187500
187500	187500	5440.034668	-5617.686523	187500	187500	187500	187500
187500	187500	5443.432129	-5612.590332	187500	187500	187500	187500
187500	187500	5448.304688	-5593.993652	187500	187500	187500	187500
187500	187500	5452.57373	-5589.299805	187500	187500	187500	187500
187500	187500	5438.067871	-5616.121582	187500	187500	187500	187500
187500	187500	5418.487305	-5635.433594	187500	187500	187500	187500
187500	187500	5431.45166	-5612.008789	187500	187500	187500	187500
187500	187500	5464.464844	-5572.781738	187500	187500	187500	187500
187500	187500	5473.092773	-5577.721191	187500	187500	187500	187500
187500	187500	5473.182129	-5591.422852	187500	187500	187500	187500
187500	187500	5479.038574	-5582.080078	187500	187500	187500	187500
187500	187500	5483.374512	-5560.555176	187500	187500	187500	187500
187500	187500	5491.890625	-5556.174316	187500	187500	187500	187500
187500	187500	5487.979004	-5566.835938	187500	187500	187500	187500
187500	187500	5476.713867	-5565.964355	187500	187500	187500	187500
187500	187500	5484.648926	-5546.652344	187500	187500	187500	187500
187500	187500	5492.449219	-5553.313477	187500	187500	187500	187500
187500	187500	5486.75	-5574.16748	187500	187500	187500	187500
187500	187500	5485.20752	-5567.506836	187500	187500	187500	187500
187500	187500	5493.65625	-5547.523926	187500	187500	187500	187500
187500	187500	5501.79248	-5546.004395	187500	187500	187500	187500
187500	187500	5495.936523	-5566.38916	187500	187500	187500	187500
187500	187500	5486.034668	-5571.708984	187500	187500	187500	187500
187500	187500	5480.290039	-5560.913086	187500	187500	187500	187500
187500	187500	5491.734375	-5549.401855	187500	187500	187500	187500
187500	187500	5491.778809	-5562.365723	187500	187500	187500	187500
187500	187500	5484.179199	-5571.977051	187500	187500	187500	187500
187500	187500	5478.904297	-5561.382324	187500	187500	187500	187500
187500	187500	5490.728516	-5543.925293	187500	187500	187500	187500
187500	187500	5488.917969	-5556.800293	187500	187500	187500	187500
187500	187500	5480.669922	-5565.20459	187500	187500	187500	187500
187500	187500	5486.705078	-5543.813965	187500	187500	187500	187500
187500	187500	5493.634277	-5533.867188	187500	187500	187500	187500
187500	187500	5490.013184	-5551.748535	187500	187500	187500	187500
187500	187500	5479.485352	-5567.461914	187500	187500	187500	187500
187500	187500	5476.311523	-5557.806152	187500	187500	187500	187500
187500	187500	5487.286133	-5541.489258	187500	187500	187500	187500
187500	187500	5495.645996	-5550.049805	187500	187500	187500	187500
187500	187500	5480.871094	-5572.446289	187500	187500	187500	187500
187500	187500	5469.98584	-5570.032227	187500	187500	187500	187500
187500	187500	5478.055176	-5551.524902	187500	187500	187500	187500
187500	187500	5477.026855	-5563.394043	187500	187500	187500	187500
187500	187500	5475.529297	-5577.02832	187500	187500	187500	187500
187500	187500	5475.685547	-5563.416016	187500	187500	187500	187500
187500	187500	5474.500977	-5544.596191	187500	187500	187500	187500
187500	187500	5478.77002	-5542.405762	187500	187500	187500	187500
187500	187500	5470.947266	-5566.187988	187500	187500	187500	187500
187500	187500	5450.115234	-5582.459961	187500	187500	187500	187500
187500	187500	5448.617676	-5568.691406	187500	187500	187500	187500
187500	187500	5457.245605	-5565.383301	187500	187500	187500	187500
187500	187500	5459.413574	-5577.341309	187500	187500	187500	187500
187500	187500	5447.142578	-5589.858398	187500	187500	187500	187500
187500	187500	5449.712891	-5575.32959	187500	187500	187500	187500
187500	187500	5477.160645	-5561.538574	187500	187500	187500	187500
187500	187500	5479.910156	-5581.431641	187500	187500	187500	187500
187500	187500	5462.72168	-5591.981934	187500	187500	187500	187500
187500	187500	5457.3125	-5579.911621	187500	187500	187500	187500
187500	187500	5457.066406	-5575.84375	187500	187500	187500	187500
187500	187500	5460.374512	-5590.663086	187500	187500	187500	187500
187500	187500	5465.068359	-5596.072266	187500	187500	187500	187500
187500	187500	5469.15918	-5581.297852	187500	187500	187500	187500
187500	187500	5474.322266	-5570.546387	187500	187500	187500	187500
187500	187500	5473.070313	-5583.018555	187500	187500	187500	187500
187500	187500	5460.062012	-5607.650391	187500	187500	187500	187500
187500	187500	5457.669922	-5600.005859	187500	187500	187500	187500
187500	187500	5461.939453	-5582.4375	187500	187500	187500	187500
187500	187500	5464.397949	-5590.528809	187500	187500	187500	187500
187500	187500	5458.273438	-5603.157715	187500	187500	187500	187500
187500	187500	5442.046387	-5605.057617	187500	187500	187500	187500
187500	187500	5436.570313	-5602.509277	187500	187500	187500	187500
187500	187500	5440.682617	-5609.594727	187500	187500	187500	187500
187500	187500	5430.311523	-5636.931152	187500	187500	187500	187500
187500	187500	5411.759766	-5651.705566	187500	187500	187500	187500
187500	187500	5410.12793	-5642.183594	187500	187500	187500	187500
187500	187500	5420.767578	-5633.779785	187500	187500	187500	187500
187500	187500	5416.498047	-5651.728027	187500	187500	187500	187500
187500	187500	5404.003418	-5665.96582	187500	187500	187500	187500
187500	187500	5401.522461	-5653.13623	187500	187500	187500	187500
187500	187500	5401.478027	-5649.671875	187500	187500	187500	187500
187500	187500	5391.709961	-5674.616211	187500	187500	187500	187500
187500	187500	5385.96582	-5695.425781	187500	187500	187500	187500
187500	187500	5388.469238	-5676.918457	187500	187500	187500	187500
187500	187500	5386.63623	-5664.490723	187500	187500	187500	187500
187500	187500	5377.270996	-5684.093262	187500	187500	187500	187500
187500	187500	5362.541016	-5706.154297	187500	187500	187500	187500
187500	187500	5358.070801	-5695.269043	187500	187500	187500	187500
187500	187500	5362.206055	-5680.15918	187500	187500	187500	187500
187500	187500	5364.105957	-5693.302246	187500	187500	187500	187500
187500	187500	5358.674316	-5710.736816	187500	187500	187500	187500
187500	187500	5347.096191	-5712.47998	187500	187500	187500	187500
187500	187500	5341.888184	-5707.674316	187500	187500	187500	187500
187500	187500	5349.018555	-5712.144531	187500	187500	187500	187500
187500	187500	5336.389648	-5740.822266	187500	187500	187500	187500
187500	187500	5332.075684	-5748.779297	187500	187500	187500	187500
187500	187500	5347.520508	-5725.980469	187500	187500	187500	187500
187500	187500	5354.114746	-5719.632813	187500	187500	187500	187500
187500	187500	5334.89209	-5750.209961	187500	187500	187500	187500
187500	187500	5307.936035	-5774.125977	187500	187500	187500	187500
187500	187500	5332.321777	-5745.94043	187500	187500	187500	187500
187500	187500	5347.118652	-5738.69873	187500	187500	187500	187500
187500	187500	5353.712402	-5750.746094	187500	187500	187500	187500
187500	187500	5346.335938	-5761.67627	187500	187500	187500	187500
187500	187500	5335.674316	-5752.109863	187500	187500	187500	187500
187500	187500	5333.595703	-5747.795898	187500	187500	187500	187500
187500	187500	5315.11084	-5780.138672	187500	187500	187500	187500
187500	187500	5302.929199	-5796.299316	187500	187500	187500	187500
187500	187500	5312.070801	-5775.936523	187500	187500	187500	187500
187500	187500	5326.912598	-5762.279785	187500	187500	187500	187500
187500	187500	5315.826172	-5789.146484	187500	187500	187500	187500
187500	187500	5291.10498	-5820.349609	187500	187500	187500	187500
187500	187500	5276.486816	-5820.908203	187500	187500	187500	187500
187500	187500	5289.674316	-5801.75293	187500	187500	187500	187500
187500	187500	5326.219727	-5776.338867	187500	187500	187500	187500
187500	187500	5324.208008	-5773.567383	187500	187500	187500	187500
187500	187500	5323.850098	-5762.011719	187500	187500	187500	187500
187500	187500	5334.37793	-5750.34375	187500	187500	187500	187500
187500	187500	5336.836426	-5764.71582	187500	187500	187500	187500
187500	187500	5331.986328	-5794.82373	187500	187500	187500	187500
187500	187500	5324.520996	-5800.858887	187500	187500	187500	187500
187500	187500	5311.109863	-5793.929688	187500	187500	187500	187500
187500	187500	5314.909668	-5795.270996	187500	187500	187500	187500
187500	187500	5316.921387	-5816.013184	187500	187500	187500	187500
187500	187500	5305.208984	-5832.53125	187500	187500	187500	187500
187500	187500	5293.027344	-5829.938477	187500	187500	187500	187500
187500	187500	5324.945313	-5815.901367	187500	187500	187500	187500
187500	187500	5343.050293	-5815.499023	187500	187500	187500	187500
187500	187500	5334.668457	-5830.541992	187500	187500	187500	187500
187500	187500	5321.972656	-5825.468262	187500	187500	187500	187500
187500	187500	5318.731934	-5819.701172	187500	187500	187500	187500
187500	187500	5297.140137	-5849.875977	187500	187500	187500	187500
187500	187500	5261.063965	-5902.067383	187500	187500	187500	187500
187500	187500	5238.131348	-5913.645508	187500	187500	187500	187500
187500	187500	5216.472656	-5918.429199	187500	187500	187500	187500
187500	187500	5191.259766	-5941.674805	187500	187500	187500	187500
187500	187500	5159.185059	-5958.572754	187500	187500	187500	187500
187500	187500	5117.09668	-5981.639648	187500	187500	187500	187500
187500	187500	5131.133301	-5952.537598	187500	187500	187500	187500
187500	187500	5163.074219	-5926.587402	187500	187500	187500	187500
187500	187500	5164.057617	-5923.078125	187500	187500	187500	187500
187500	187500	5162.09082	-5910.069336	187500	187500	187500	187500
187500	187500	5175.658203	-5874.820801	187500	187500	187500	187500
187500	187500	5196.668945	-5869.299805	187500	187500	187500	187500
187500	187500	5200.11084	-5888.365723	187500	187500	187500	187500
187500	187500	5220.160645	-5867.422363	187500	187500	187500	187500
187500	187500	5231.560059	-5840.778809	187500	187500	187500	187500
187500	187500	5231.582031	-5854.324219	187500	187500	187500	187500
187500	187500	5236.186523	-5860.291992	187500	187500	187500	187500
187500	187500	5226.933105	-5853.139648	187500	187500	187500	187500
187500	187500	5224.362793	-5855.083984	187500	187500	187500	187500
187500	187500	5271.636719	-5818.472168	187500	187500	187500	187500
187500	187500	5313.568359	-5780.518555	187500	187500	187500	187500
187500	187500	5316.787109	-5759.955078	187500	187500	187500	187500
187500	187500	5325.616211	-5732.75293	187500	187500	187500	187500
187500	187500	5327.29248	-5721.912598	187500	187500	187500	187500
187500	187500	5331.695801	-5722.068848	187500	187500	187500	187500
187500	187500	5332.030762	-5720.124512	187500	187500	187500	187500
187500	187500	5345.710449	-5690.307129	187500	187500	187500	187500
187500	187500	5371.660645	-5652.219727	187500	187500	187500	187500
187500	187500	5356.081543	-5674.415039	187500	187500	187500	187500
187500	187500	5348.459473	-5692.586914	187500	187500	187500	187500
187500	187500	5362.339844	-5677.946777	187500	187500	187500	187500
187500	187500	5382.099121	-5635.500488	187500	187500	187500	187500
187500	187500	5379.930664	-5627.364746	187500	187500	187500	187500
187500	187500	5364.329102	-5640.015625	187500	187500	187500	187500
187500	187500	5349.77832	-5630.381836	187500	187500	187500	187500
187500	187500	5353.220215	-5612.254883	187500	187500	187500	187500
187500	187500	5363.926758	-5611.204102	187500	187500	187500	187500
187500	187500	5349.286621	-5632.662109	187500	187500	187500	187500
187500	187500	5333.483887	-5634.539551	187500	187500	187500	187500
187500	187500	5331.67334	-5615.76416	187500	187500	187500	187500
187500	187500	5329.505371	-5617.194336	187500	187500	187500	187500
187500	187500	5325.415039	-5621.933105	187500	187500	187500	187500
187500	187500	5306.460449	-5619.049805	187500	187500	187500	187500
187500	187500	5287.104004	-5617.865234	187500	187500	187500	187500
187500	187500	5295.172852	-5608.544434	187500	187500	187500	187500
187500	187500	5338.9375	-5577.36377	187500	187500	187500	187500
187500	187500	5333.595703	-5592.048828	187500	187500	187500	187500
187500	187500	5304.493652	-5619.116699	187500	187500	187500	187500
187500	187500	5293.206055	-5633.108887	187500	187500	187500	187500
187500	187500	5292.959961	-5650.096191	187500	187500	187500	187500
187500	187500	5295.128418	-5654.633789	187500	187500	187500	187500
187500	187500	5304.605469	-5642.988281	187500	187500	187500	187500
187500	187500	5310.238281	-5653.851563	187500	187500	187500	187500
187500	187500	5317.211914	-5683.311035	187500	187500	187500	187500
187500	187500	5279.884277	-5723.141602	187500	187500	187500	187500
187500	187500	5273.581055	-5721.912598	187500	187500	187500	187500
187500	187500	5283.371094	-5705.751953	187500	187500	187500	187500
187500	187500	5278.118652	-5729.869629	187500	187500	187500	187500
187500	187500	5249.731934	-5762.972656	187500	187500	187500	187500
187500	187500	5247.250977	-5768.851074	187500	187500	187500	187500
187500	187500	5249.284668	-5753.428223	187500	187500	187500	187500
187500	187500	5236.924316	-5767.018066	187500	187500	187500	187500
187500	187500	5198.92627	-5789.638184	187500	187500	187500	187500
187500	187500	5163.990723	-5773.500488	187500	187500	187500	187500
187500	187500	5152.300781	-5748.623047	187500	187500	187500	187500
187500	187500	5135.782715	-5756.669434	187500	187500	187500	187500
187500	187500	5091.079102	-5803.317383	187500	187500	187500	187500
187500	187500	5051.427246	-5833.604004	187500	187500	187500	187500
187500	187500	5030.103516	-5832.062012	187500	187500	187500	187500
187500	187500	5038.239746	-5827.12207	187500	187500	187500	187500
187500	187500	5029.991699	-5852.15625	187500	187500	187500	187500
187500	187500	5004.510742	-5886.533203	187500	187500	187500	187500
187500	187500	5010.479004	-5883.60498	187500	187500	187500	187500
187500	187500	5044.274414	-5878.956055	187500	187500	187500	187500
187500	187500	5050.332031	-5908.326172	187500	187500	187500	187500
187500	187500	5042.643066	-5944.245117	187500	187500	187500	187500
187500	187500	5066.87207	-5938.165527	187500	187500	187500	187500
187500	187500	5102.54541	-5916.55127	187500	187500	187500	187500
187500	187500	5106.457031	-5925.224121	187500	187500	187500	187500
187500	187500	5091.883789	-5937.740723	187500	187500	187500	187500
187500	187500	5111.799316	-5903.632324	187500	187500	187500	187500
187500	187500	5136.050781	-5882.129883	187500	187500	187500	187500
187500	187500	5151.60791	-5884.186035	187500	187500	187500	187500
187500	187500	5155.742676	-5901.888672	187500	187500	187500	187500
187500	187500	5159.855469	-5907.409668	187500	187500	187500	187500
187500	187500	5185.604492	-5881.995605	187500	187500	187500	187500
187500	187500	5219.758301	-5865.611816	187500	187500	187500	187500
187500	187500	5235.270508	-5868.338867	187500	187500	187500	187500
187500	187500	5271.010742	-5839.482422	187500	187500	187500	187500
187500	187500	5313.74707	-5790.26416	187500	187500	187500	187500
187500	187500	5333.88623	-5762.369141	187500	187500	187500	187500
187500	187500	5336.434082	-5765.677246	187500	187500	187500	187500
187500	187500	5337.194336	-5755.060059	187500	187500	187500	187500
187500	187500	5345.375	-5727.947266	187500	187500	187500	187500
187500	187500	5376.980469	-5692.653809	187500	187500	187500	187500
187500	187500	5392.648926	-5678.393555	187500	187500	187500	187500
187500	187500	5395.577148	-5667.977539	187500	187500	187500	187500
187500	187500	5419.180664	-5622.380371	187500	187500	187500	187500
187500	187500	5446.024902	-5588.696289	187500	187500	187500	187500
187500	187500	5466.990723	-5580.470703	187500	187500	187500	187500
187500	187500	5474.635254	-5564.064453	187500	187500	187500	187500
187500	187500	5485.744141	-5528.346191	187500	187500	187500	187500
187500	187500	5518.869141	-5503.379395	187500	187500	187500	187500
187500	187500	5527.720703	-5518.936035	187500	187500	187500	187500
187500	187500	5522.311523	-5533.330566	187500	187500	187500	187500
187500	187500	5524.27832	-5525.351074	187500	187500	187500	187500
187500	187500	5541.802246	-5511.538086	187500	187500	187500	187500
187500	187500	5570.971191	-5501.367676	187500	187500	187500	187500
187500	187500	5553.827148	-5519.070313	187500	187500	187500	187500
187500	187500	5534.694336	-5529.508789	187500	187500	187500	187500
187500	187500	5547.859375	-5512.163574	187500	187500	187500	187500
187500	187500	5565.718262	-5510.040527	187500	187500	187500	187500
187500	187500	5555.436523	-5537.532715	187500	187500	187500	187500
187500	187500	5554.251953	-5535.744629	187500	187500	187500	187500
187500	187500	5574.547363	-5512.856445	187500	187500	187500	187500
187500	187500	5582.95166	-5508.87793	187500	187500	187500	187500
187500	187500	5575.240234	-5528.123047	187500	187500	187500	187500
187500	187500	5569.25	-5533.57666	187500	187500	187500	187500
187500	187500	5585.075195	-5511.001465	187500	187500	187500	187500
187500	187500	5604.208008	-5495.153809	187500	187500	187500	187500
187500	187500	5603.962402	-5508.22998	187500	187500	187500	187500
187500	187500	5600.899902	-5511.538086	187500	187500	187500	187500
187500	187500	5605.683594	-5485.766113	187500	187500	187500	187500
187500	187500	5613.506348	-5457.491211	187500	187500	187500	187500
187500	187500	5610.84668	-5449.377441	187500	187500	187500	187500
187500	187500	5592.607422	-5441.845215	187500	187500	187500	187500
187500	187500	5590.037109	-5404.070801	187500	187500	187500	187500
187500	187500	5604.565918	-5362.384766	187500	187500	187500	187500
187500	187500	5609.081055	-5367.771484	187500	187500	187500	187500
187500	187500	5595.625	-5383.283691	187500	187500	187500	187500
187500	187500	5581.789551	-5352.080566	187500	187500	187500	187500
187500	187500	5583.242188	-5314.842285	187500	187500	187500	187500
187500	187500	5604.342285	-5307.689941	187500	187500	187500	187500
187500	187500	5608.8125	-5342.469238	187500	187500	187500	187500
187500	187500	5602.241211	-5373.046387	187500	187500	187500	187500
187500	187500	5610.198242	-5388.759766	187500	187500	187500	187500
187500	187500	5620.502441	-5421.728516	187500	187500	187500	187500
187500	187500	5615.831055	-5473.070313	187500	187500	187500	187500
187500	187500	5624.503418	-5504.474609	187500	187500	187500	187500
187500	187500	5647.235352	-5512.119141	187500	187500	187500	187500
187500	187500	5642.966309	-5537.890625	187500	187500	187500	187500
187500	187500	5612.925293	-5597.010742	187500	187500	187500	187500
187500	187500	5578.705078	-5645.156738	187500	187500	187500	187500
187500	187500	5574.837891	-5653.024414	187500	187500	187500	187500
187500	187500	5563.259766	-5673.856445	187500	187500	187500	187500
187500	187500	5542.003418	-5719.855957	187500	187500	187500	187500
187500	187500	5518.556152	-5746.052246	187500	187500	187500	187500
187500	187500	5495.712891	-5737.066895	187500	187500	187500	187500
187500	187500	5487.42041	-5727.075684	187500	187500	187500	187500
187500	187500	5481.743164	-5743.973633	187500	187500	187500	187500
187500	187500	5474.970215	-5760.424316	187500	187500	187500	187500
187500	187500	5466.09668	-5746.052246	187500	187500	187500	187500
187500	187500	5460.956055	-5727.791016	187500	187500	187500	187500
187500	187500	5450.942383	-5736.440918	187500	187500	187500	187500
187500	187500	5438.246582	-5743.772461	187500	187500	187500	187500
187500	187500	5445.085938	-5713.48584	187500	187500	187500	187500
187500	187500	5457.893555	-5672.135254	187500	187500	187500	187500
187500	187500	5458.921875	-5652.532715	187500	187500	187500	187500
187500	187500	5446.516602	-5642.898926	187500	187500	187500	187500
187500	187500	5429.216309	-5608.700684	187500	187500	187500	187500
187500	187500	5425.908203	-5554.296875	187500	187500	187500	187500
187500	187500	5433.061035	-5520.635254	187500	187500	187500	187500
187500	187500	5435.184082	-5501.255859	187500	187500	187500	187500
187500	187500	5424.567383	-5481.139648	187500	187500	187500	187500
187500	187500	5427.473145	-5449.266113	187500	187500	187500	187500
187500	187500	5440.012207	-5435.027832	187500	187500	187500	187500
187500	187500	5440.437012	-5456.485352	187500	187500	187500	187500
187500	187500	5430.42334	-5487.219238	187500	187500	187500	187500
187500	187500	5430.132813	-5507.156738	187500	187500	187500	187500
187500	187500	5449.109375	-5532.03418	187500	187500	187500	187500
187500	187500	5453.110352	-5578.03418	187500	187500	187500	187500
187500	187500	5451.724609	-5610.220703	187500	187500	187500	187500
187500	187500	5429.193848	-5640.507324	187500	187500	187500	187500
187500	187500	5416.811035	-5674.683105	187500	187500	187500	187500
187500	187500	5415.179688	-5703.874512	187500	187500	187500	187500
187500	187500	5411.782227	-5733.468262	187500	187500	187500	187500
187500	187500	5403.757813	-5748.086426	187500	187500	187500	187500
187500	187500	5399.086426	-5755.730469	187500	187500	187500	187500
187500	187500	5405.791992	-5761.162109	187500	187500	187500	187500
187500	187500	5395.107422	-5775.288574	187500	187500	187500	187500
187500	187500	5380.333008	-5772.047363	187500	187500	187500	187500
187500	187500	5381.71875	-5756.378906	187500	187500	187500	187500
187500	187500	5380.914063	-5758.256348	187500	187500	187500	187500
187500	187500	5369.760742	-5774.550781	187500	187500	187500	187500
187500	187500	5370.654785	-5772.270996	187500	187500	187500	187500
187500	187500	5387.619629	-5761.34082	187500	187500	187500	187500
187500	187500	5385.161133	-5760.245605	187500	187500	187500	187500
187500	187500	5356.52832	-5774.081543	187500	187500	187500	187500
187500	187500	5339.094238	-5767.666504	187500	187500	187500	187500
187500	187500	5345.151367	-5739.793945	187500	187500	187500	187500
187500	187500	5336.479004	-5724.393555	187500	187500	187500	187500
187500	187500	5312.473145	-5733.312012	187500	187500	187500	187500
187500	187500	5297.341309	-5728.104004	187500	187500	187500	187500
187500	187500	5300.89502	-5703.360352	187500	187500	187500	187500
187500	187500	5321.637207	-5679.444336	187500	187500	187500	187500
187500	187500	5319.134277	-5680.069824	187500	187500	187500	187500
187500	187500	5290.903809	-5679.265137	187500	187500	187500	187500
187500	187500	5279.102051	-5659.88623	187500	187500	187500	187500
187500	187500	5288.757813	-5645.849609	187500	187500	187500	187500
187500	187500	5292.021484	-5663.529785	187500	187500	187500	187500
187500	187500	5279.660645	-5685.456543	187500	187500	187500	187500
187500	187500	5283.729004	-5678.080566	187500	187500	187500	187500
187500	187500	5291.686035	-5679.399414	187500	187500	187500	187500
187500	187500	5290.881348	-5713.64209	187500	187500	187500	187500
187500	187500	5289.160156	-5744.375977	187500	187500	187500	187500
187500	187500	5298.391602	-5738.117676	187500	187500	187500	187500
187500	187500	5308.248535	-5725.824219	187500	187500	187500	187500
187500	187500	5313.412109	-5745.493652	187500	187500	187500	187500
187500	187500	5304.649902	-5769.96875	187500	187500	187500	187500
187500	187500	5293.071777	-5777.612793	187500	187500	187500	187500
187500	187500	5300.135254	-5770.415527	187500	187500	187500	187500
187500	187500	5309.544922	-5776.495605	187500	187500	187500	187500
187500	187500	5302.347656	-5803.60791	187500	187500	187500	187500
187500	187500	5297.810547	-5817.019043	187500	187500	187500	187500
187500	187500	5310.70752	-5808.033691	187500	187500	187500	187500
187500	187500	5327.605469	-5805.061035	187500	187500	187500	187500
187500	187500	5325.213867	-5819.969727	187500	187500	187500	187500
187500	187500	5317.010742	-5827.188965	187500	187500	187500	187500
187500	187500	5315.334473	-5809.687988	187500	187500	187500	187500
187500	187500	5326.733398	-5791.359375	187500	187500	187500	187500
187500	187500	5329.416016	-5795.181641	187500	187500	187500	187500
187500	187500	5322.375	-5789.414551	187500	187500	187500	187500
187500	187500	5325.616211	-5757.228027	187500	187500	187500	187500
187500	187500	5332.746094	-5736.061035	187500	187500	187500	187500
187500	187500	5336.23291	-5727.70166	187500	187500	187500	187500
187500	187500	5330.466309	-5721.26416	187500	187500	187500	187500
187500	187500	5327.247559	-5696.208008	187500	187500	187500	187500
187500	187500	5339.161133	-5660.176758	187500	187500	187500	187500
187500	187500	5346.604492	-5653.918457	187500	187500	187500	187500
187500	187500	5338.580078	-5660.825195	187500	187500	187500	187500
187500	187500	5330.310059	-5644.083496	187500	187500	187500	187500
187500	187500	5348.23584	-5614.22168	187500	187500	187500	187500
187500	187500	5370.967773	-5607.650391	187500	187500	187500	187500
187500	187500	5368.754883	-5617.641602	187500	187500	187500	187500
187500	187500	5364.12793	-5615.696777	187500	187500	187500	187500
187500	187500	5379.260254	-5596.250977	187500	187500	187500	187500
187500	187500	5390.570313	-5587.489258	187500	187500	187500	187500
187500	187500	5386.792969	-5597.592285	187500	187500	187500	187500
187500	187500	5381.808105	-5599.201172	187500	187500	187500	187500
187500	187500	5388.200684	-5593.903809	187500	187500	187500	187500
187500	187500	5394.75	-5611.070313	187500	187500	187500	187500
187500	187500	5396.739258	-5643.726074	187500	187500	187500	187500
187500	187500	5404.405762	-5645.067383	187500	187500	187500	187500
187500	187500	5416.945313	-5622.491699	187500	187500	187500	187500
187500	187500	5434.692383	-5612.232422	187500	187500	187500	187500
187500	187500	5431.675293	-5636.305176	187500	187500	187500	187500
187500	187500	5427.853027	-5653.985352	187500	187500	187500	187500
187500	187500	5438.358398	-5641.334473	187500	187500	187500	187500
187500	187500	5454.563477	-5622.402344	187500	187500	187500	187500
187500	187500	5463.861816	-5623.475586	187500	187500	187500	187500
187500	187500	5464.174316	-5622.760254	187500	187500	187500	187500
187500	187500	5467.169434	-5613.05957	187500	187500	187500	187500
187500	187500	5491.242676	-5595.446289	187500	187500	187500	187500
187500	187500	5496.472656	-5604.744629	187500	187500	187500	187500
187500	187500	5485.945313	-5615.071289	187500	187500	187500	187500
187500	187500	5485.989746	-5597.904785	187500	187500	187500	187500
187500	187500	5493.298828	-5574.65918	187500	187500	187500	187500
187500	187500	5490.907227	-5578.883789	187500	187500	187500	187500
187500	187500	5471.707031	-5608.432617	187500	187500	187500	187500
187500	187500	5457.916016	-5621.195313	187500	187500	187500	187500
187500	187500	5457.82666	-5617.015625	187500	187500	187500	187500
187500	187500	5458.49707	-5628.415039	187500	187500	187500	187500
187500	187500	5445.622559	-5650.185547	187500	187500	187500	187500
187500	187500	5428.948242	-5647.883301	187500	187500	187500	187500
187500	187500	5427.517578	-5621.039063	187500	187500	187500	187500
187500	187500	5436.078125	-5605.012695	187500	187500	187500	187500
187500	187500	5427.875488	-5614.57959	187500	187500	187500	187500
187500	187500	5418.375977	-5616.009766	187500	187500	187500	187500
187500	187500	5403.712891	-5617.574707	187500	187500	187500	187500
187500	187500	5404.182617	-5617.529785	187500	187500	187500	187500
187500	187500	5410.217285	-5632.975098	187500	187500	187500	187500
187500	187500	5410.776367	-5639.747559	187500	187500	187500	187500
187500	187500	5399.913086	-5630.13623	187500	187500	187500	187500
187500	187500	5417.90625	-5625.0625	187500	187500	187500	187500
187500	187500	5425.192871	-5636.081543	187500	187500	187500	187500
187500	187500	5414.039551	-5644.687012	187500	187500	187500	187500
187500	187500	5408.920898	-5633.444336	187500	187500	187500	187500
187500	187500	5416.453613	-5618.848633	187500	187500	187500	187500
187500	187500	5417.370117	-5631.924316	187500	187500	187500	187500
187500	187500	5403.601074	-5652.354004	187500	187500	187500	187500
187500	187500	5389.318359	-5640.820313	187500	187500	187500	187500
187500	187500	5389.877441	-5622.715332	187500	187500	187500	187500
187500	187500	5397.007324	-5635.456055	187500	187500	187500	187500
187500	187500	5390.033691	-5665.407227	187500	187500	187500	187500
187500	187500	5385.630371	-5670.145996	187500	187500	187500	187500
187500	187500	5386.189453	-5664.558105	187500	187500	187500	187500
187500	187500	5382.009277	-5676.046875	187500	187500	187500	187500
187500	187500	5371.906738	-5698.487793	187500	187500	187500	187500
187500	187500	5367.972656	-5703.986328	187500	187500	187500	187500
187500	187500	5368.263184	-5688.429688	187500	187500	187500	187500
187500	187500	5372.621582	-5692.296387	187500	187500	187500	187500
187500	187500	5368.084473	-5732.127441	187500	187500	187500	187500
187500	187500	5362.898926	-5748.51123	187500	187500	187500	187500
187500	187500	5375.013184	-5722.180664	187500	187500	187500	187500
187500	187500	5380.422363	-5716.391602	187500	187500	187500	187500
187500	187500	5389.050293	-5732.976563	187500	187500	187500	187500
187500	187500	5394.168945	-5738.273926	187500	187500	187500	187500
187500	187500	5378.388672	-5717.956055	187500	187500	187500	187500
187500	187500	5382.389648	-5700.007813	187500	187500	187500	187500
187500	187500	5392.693848	-5704.992188	187500	187500	187500	187500
187500	187500	5381.405762	-5714.827148	187500	187500	187500	187500
187500	187500	5377.762695	-5702.756836	187500	187500	187500	187500
187500	187500	5394.772461	-5684.093262	187500	187500	187500	187500
187500	187500	5398.460449	-5685.099121	187500	187500	187500	187500
187500	187500	5384.110352	-5694.040039	187500	187500	187500	187500
187500	187500	5375.437988	-5689.368164	187500	187500	187500	187500
187500	187500	5383.149414	-5665.452148	187500	187500	187500	187500
187500	187500	5383.797852	-5665.094238	187500	187500	187500	187500
187500	187500	5372.710938	-5680.137207	187500	187500	187500	187500
187500	187500	5369.179688	-5668.111816	187500	187500	187500	187500
187500	187500	5381.450684	-5644.508301	187500	187500	187500	187500
187500	187500	5390.771484	-5646.251953	187500	187500	187500	187500
187500	187500	5389.83252	-5658.165527	187500	187500	187500	187500
187500	187500	5383.08252	-5663.462891	187500	187500	187500	187500
187500	187500	5385.496582	-5651.348145	187500	187500	187500	187500
187500	187500	5391.062012	-5644.284668	187500	187500	187500	187500
187500	187500	5370.252441	-5670.838867	187500	187500	187500	187500
187500	187500	5348.168945	-5690.039063	187500	187500	187500	187500
187500	187500	5348.794922	-5679.444336	187500	187500	187500	187500
187500	187500	5376.086426	-5655.371094	187500	187500	187500	187500
187500	187500	5389.989258	-5662.747559	187500	187500	187500	187500
187500	187500	5385.854004	-5676.359375	187500	187500	187500	187500
187500	187500	5379.998047	-5675.041016	187500	187500	187500	187500
187500	187500	5385.719727	-5668.692871	187500	187500	187500	187500
187500	187500	5382.813965	-5683.802734	187500	187500	187500	187500
187500	187500	5384.26709	-5697.102051	187500	187500	187500	187500
187500	187500	5389.027832	-5688.764648	187500	187500	187500	187500
187500	187500	5394.347656	-5668.51416	187500	187500	187500	187500
187500	187500	5379.640137	-5680.293457	187500	187500	187500	187500
187500	187500	5367.34668	-5703.472168	187500	187500	187500	187500
187500	187500	5359.769531	-5700.074707	187500	187500	187500	187500
187500	187500	5358.182617	-5680.450195	187500	187500	187500	187500
187500	187500	5380.690918	-5663.864746	187500	187500	187500	187500
187500	187500	5390.078613	-5681.120605	187500	187500	187500	187500
187500	187500	5370.252441	-5705.88623	187500	187500	187500	187500
187500	187500	5369.671387	-5688.116699	187500	187500	187500	187500
187500	187500	5379.975586	-5686.462402	187500	187500	187500	187500
187500	187500	5376.287598	-5709.015625	187500	187500	187500	187500
187500	187500	5377.583984	-5707.160156	187500	187500	187500	187500
187500	187500	5394.794922	-5682.796875	187500	187500	187500	187500
187500	187500	5402.841309	-5682.72998	187500	187500	187500	187500
187500	187500	5401.276855	-5707.450684	187500	187500	187500	187500
187500	187500	5393.878418	-5720.504395	187500	187500	187500	187500
187500	187500	5410.597168	-5699.851074	187500	187500	187500	187500
187500	187500	5428.054199	-5695.045898	187500	187500	187500	187500
187500	187500	5432.390137	-5714.960938	187500	187500	187500	187500
187500	187500	5432.79248	-5720.459473	187500	187500	187500	187500
187500	187500	5451.456543	-5693.749512	187500	187500	187500	187500
187500	187500	5469.852051	-5679.399414	187500	187500	187500	187500
187500	187500	5478.568848	-5687.245117	187500	187500	187500	187500
187500	187500	5472.735352	-5698.688965	187500	187500	187500	187500
187500	187500	5466.990723	-5690.32959	187500	187500	187500	187500
187500	187500	5472.466797	-5673.364258	187500	187500	187500	187500
187500	187500	5466.76709	-5690.061035	187500	187500	187500	187500
187500	187500	5444.527344	-5721.77832	187500	187500	187500	187500
187500	187500	5431.317383	-5725.868652	187500	187500	187500	187500
187500	187500	5449.19873	-5697.4375	187500	187500	187500	187500
187500	187500	5472.623535	-5682.953613	187500	187500	187500	187500
187500	187500	5483.195801	-5686.171875	187500	187500	187500	187500
187500	187500	5481.631348	-5669.877441	187500	187500	187500	187500
187500	187500	5491.242676	-5639.501465	187500	187500	187500	187500
187500	187500	5500.898438	-5634.226563	187500	187500	187500	187500
187500	187500	5484.760254	-5656.868652	187500	187500	187500	187500
187500	187500	5477.026855	-5655.907715	187500	187500	187500	187500
187500	187500	5488.336914	-5629.935059	187500	187500	187500	187500
187500	187500	5504.206543	-5623.721191	187500	187500	187500	187500
187500	187500	5506.642578	-5641.155762	187500	187500	187500	187500
187500	187500	5498.283203	-5656.913574	187500	187500	187500	187500
187500	187500	5496.540039	-5649.805664	187500	187500	187500	187500
187500	187500	5510.867188	-5638.629883	187500	187500	187500	187500
187500	187500	5515.002441	-5651.459961	187500	187500	187500	187500
187500	187500	5506.776855	-5661.383789	187500	187500	187500	187500
187500	187500	5501.725586	-5653.359863	187500	187500	187500	187500
187500	187500	5512.208496	-5647.861328	187500	187500	187500	187500
187500	187500	5522.691406	-5666.614258	187500	187500	187500	187500
187500	187500	5508.028809	-5693.883301	187500	187500	187500	187500
187500	187500	5497.880859	-5692.788086	187500	187500	187500	187500
187500	187500	5501.188965	-5686.328613	187500	187500	187500	187500
187500	187500	5503.267578	-5704.544922	187500	187500	187500	187500
187500	187500	5500.071289	-5719.92334	187500	187500	187500	187500
187500	187500	5499.199707	-5707.964844	187500	187500	187500	187500
187500	187500	5501.971191	-5688.116699	187500	187500	187500	187500
187500	187500	5505.50293	-5686.216797	187500	187500	187500	187500
187500	187500	5512.297852	-5686.351074	187500	187500	187500	187500
187500	187500	5513.258789	-5674.370117	187500	187500	187500	187500
187500	187500	5518.17627	-5656.533691	187500	187500	187500	187500
187500	187500	5518.422363	-5658.03125	187500	187500	187500	187500
187500	187500	5508.54248	-5679.421875	187500	187500	187500	187500
187500	187500	5503.871094	-5680.270996	187500	187500	187500	187500
187500	187500	5511.493164	-5657.226563	187500	187500	187500	187500
187500	187500	5524.814941	-5641.11084	187500	187500	187500	187500
187500	187500	5522.758301	-5651.504395	187500	187500	187500	187500
187500	187500	5511.962402	-5654.477051	187500	187500	187500	187500
187500	187500	5514.82373	-5629.331543	187500	187500	187500	187500
187500	187500	5529.642578	-5606.018555	187500	187500	187500	187500
187500	187500	5534.113281	-5611.338379	187500	187500	187500	187500
187500	187500	5519.405762	-5627.968262	187500	187500	187500	187500
187500	187500	5509.280273	-5622.894043	187500	187500	187500	187500
187500	187500	5517.84082	-5603.180176	187500	187500	187500	187500
187500	187500	5527.854492	-5608.388184	187500	187500	187500	187500
187500	187500	5521.260742	-5625.755371	187500	187500	187500	187500
187500	187500	5511.180176	-5625.822266	187500	187500	187500	187500
187500	187500	5516.388184	-5619.250977	187500	187500	187500	187500
187500	187500	5526.111328	-5627.029297	187500	187500	187500	187500
187500	187500	5519.629395	-5651.638672	187500	187500	187500	187500
187500	187500	5511.314453	-5661.741699	187500	187500	187500	187500
187500	187500	5521.864258	-5653.605469	187500	187500	187500	187500
187500	187500	5530.71582	-5668.379883	187500	187500	187500	187500
187500	187500	5519.092773	-5702.354492	187500	187500	187500	187500
187500	187500	5511.806152	-5707.741699	187500	187500	187500	187500
187500	187500	5513.527344	-5696.811523	187500	187500	187500	187500
187500	187500	5522.73584	-5695.760742	187500	187500	187500	187500
187500	187500	5516.589355	-5715.18457	187500	187500	187500	187500
187500	187500	5506.307617	-5721.577148	187500	187500	187500	187500
187500	187500	5509.481445	-5699.314941	187500	187500	187500	187500
187500	187500	5520.456055	-5689.278809	187500	187500	187500	187500
187500	187500	5521.439453	-5705.998047	187500	187500	187500	187500
187500	187500	5521.797363	-5702.980469	187500	187500	187500	187500
187500	187500	5520.456055	-5691.782227	187500	187500	187500	187500
187500	187500	5514.019043	-5693.816406	187500	187500	187500	187500
187500	187500	5516.365723	-5700.164063	187500	187500	187500	187500
187500	187500	5511.358887	-5697.370117	187500	187500	187500	187500
187500	187500	5509.570801	-5673.163086	187500	187500	187500	187500
187500	187500	5522.981934	-5644.731934	187500	187500	187500	187500
187500	187500	5517.259766	-5651.146973	187500	187500	187500	187500
187500	187500	5505.14502	-5656.376953	187500	187500	187500	187500
187500	187500	5508.028809	-5631.521973	187500	187500	187500	187500
187500	187500	5519.584473	-5604.968262	187500	187500	187500	187500
187500	187500	5530.35791	-5600.766113	187500	187500	187500	187500
187500	187500	5532.101563	-5601.70459	187500	187500	187500	187500
187500	187500	5519.740723	-5595.088867	187500	187500	187500	187500
187500	187500	5520.992676	-5570.255859	187500	187500	187500	187500
187500	187500	5531.22998	-5565.495117	187500	187500	187500	187500
187500	187500	5521.41748	-5588.763184	187500	187500	187500	187500
187500	187500	5510.331055	-5589.724121	187500	187500	187500	187500
187500	187500	5513.884766	-5574.837891	187500	187500	187500	187500
187500	187500	5518.310547	-5585.075195	187500	187500	187500	187500
187500	187500	5510.554199	-5613.327637	187500	187500	187500	187500
187500	187500	5509.839355	-5617.462891	187500	187500	187500	187500
187500	187500	5517.885742	-5603.805664	187500	187500	187500	187500
187500	187500	5529.106445	-5602.621094	187500	187500	187500	187500
187500	187500	5531.22998	-5625.0625	187500	187500	187500	187500
187500	187500	5520.456055	-5642.675293	187500	187500	187500	187500
187500	187500	5516.5	-5637.914551	187500	187500	187500	187500
187500	187500	5520.746582	-5640.932129	187500	187500	187500	187500
187500	187500	5520.925781	-5663.909668	187500	187500	187500	187500
187500	187500	5513.348145	-5680.069824	187500	187500	187500	187500
187500	187500	5521.953613	-5665.742676	187500	187500	187500	187500
187500	187500	5536.348145	-5649.425781	187500	187500	187500	187500
187500	187500	5537.622559	-5665.630859	187500	187500	187500	187500
187500	187500	5525.887695	-5685.07666	187500	187500	187500	187500
187500	187500	5517.192871	-5676.404297	187500	187500	187500	187500
187500	187500	5518.578613	-5660.847656	187500	187500	187500	187500
187500	187500	5516.991699	-5672.693848	187500	187500	187500	187500
187500	187500	5507.112305	-5691.246094	187500	187500	187500	187500
187500	187500	5492.918945	-5683.958984	187500	187500	187500	187500
187500	187500	5498.39502	-5663.373047	187500	187500	187500	187500
187500	187500	5512.09668	-5654.119629	187500	187500	187500	187500
187500	187500	5513.706055	-5659.327637	187500	187500	187500	187500
187500	187500	5502.395996	-5656.421875	187500	187500	187500	187500
187500	187500	5501.457031	-5640.999023	187500	187500	187500	187500
187500	187500	5513.616699	-5631.119629	187500	187500	187500	187500
187500	187500	5508.162598	-5646.54248	187500	187500	187500	187500
187500	187500	5489.878906	-5658.209961	187500	187500	187500	187500
187500	187500	5487.42041	-5643.278809	187500	187500	187500	187500
187500	187500	5492.672852	-5638.048828	187500	187500	187500	187500
187500	187500	5482.860352	-5662.546387	187500	187500	187500	187500
187500	187500	5468.019043	-5684.584961	187500	187500	187500	187500
187500	187500	5466.09668	-5675.487793	187500	187500	187500	187500
187500	187500	5473.763184	-5667.195313	187500	187500	187500	187500
187500	187500	5471.796387	-5686.306152	187500	187500	187500	187500
187500	187500	5454.45166	-5708.322754	187500	187500	187500	187500
187500	187500	5451.635254	-5701.527832	187500	187500	187500	187500
187500	187500	5461.782715	-5695.939941	187500	187500	187500	187500
187500	187500	5460.128906	-5717.956055	187500	187500	187500	187500
187500	187500	5448.617676	-5746.275879	187500	187500	187500	187500
187500	187500	5450.249512	-5750.366211	187500	187500	187500	187500
187500	187500	5450.629395	-5749.226074	187500	187500	187500	187500
187500	187500	5451.791504	-5762.391602	187500	187500	187500	187500
187500	187500	5449.601074	-5779.848145	187500	187500	187500	187500
187500	187500	5436.726563	-5780.876465	187500	187500	187500	187500
187500	187500	5446.002441	-5755.484863	187500	187500	187500	187500
187500	187500	5452.193848	-5750.008789	187500	187500	187500	187500
187500	187500	5441.26416	-5768.828613	187500	187500	187500	187500
187500	187500	5432.837402	-5764.783203	187500	187500	187500	187500
187500	187500	5445.220215	-5731.657715	187500	187500	187500	187500
187500	187500	5458.027832	-5720.392578	187500	187500	187500	187500
187500	187500	5458.608887	-5733.468262	187500	187500	187500	187500
187500	187500	5449.69043	-5740.911621	187500	187500	187500	187500
187500	187500	5457.044434	-5717.106934	187500	187500	187500	187500
187500	187500	5477.585449	-5695.313965	187500	187500	187500	187500
187500	187500	5481.273438	-5703.718262	187500	187500	187500	187500
187500	187500	5476.602051	-5710.625	187500	187500	187500	187500
187500	187500	5474.143555	-5698.487793	187500	187500	187500	187500
187500	187500	5489.275391	-5680.807617	187500	187500	187500	187500
187500	187500	5497.947754	-5684.853516	187500	187500	187500	187500
187500	187500	5489.275391	-5696.990234	187500	187500	187500	187500
187500	187500	5488.046387	-5679.824219	187500	187500	187500	187500
187500	187500	5501.032715	-5655.125488	187500	187500	187500	187500
187500	187500	5501.680664	-5664.960449	187500	187500	187500	187500
187500	187500	5494.237793	-5678.393555	187500	187500	187500	187500
187500	187500	5494.52832	-5670.145996	187500	187500	187500	187500
187500	187500	5501.479492	-5659.037109	187500	187500	187500	187500
187500	187500	5512.432129	-5664.803711	187500	187500	187500	187500
187500	187500	5518.19873	-5674.571289	187500	187500	187500	187500
187500	187500	5516.097656	-5673.051758	187500	187500	187500	187500
187500	187500	5526.736816	-5655.349121	187500	187500	187500	187500
187500	187500	5538.784668	-5655.863281	187500	187500	187500	187500
187500	187500	5528.614746	-5680.405273	187500	187500	187500	187500
187500	187500	5514.577637	-5690.240234	187500	187500	187500	187500
187500	187500	5523.071289	-5672.000977	187500	187500	187500	187500
187500	187500	5540.662109	-5663.351074	187500	187500	187500	187500
187500	187500	5542.427734	-5675.823242	187500	187500	187500	187500
187500	187500	5531.453125	-5684.5625	187500	187500	187500	187500
187500	187500	5527.899414	-5672.179688	187500	187500	187500	187500
187500	187500	5540.17041	-5658.992188	187500	187500	187500	187500
187500	187500	5540.32666	-5671.017578	187500	187500	187500	187500
187500	187500	5534.045898	-5672.760742	187500	187500	187500	187500
187500	187500	5533.196777	-5653.806641	187500	187500	187500	187500
187500	187500	5539.343262	-5645.849609	187500	187500	187500	187500
187500	187500	5543.411621	-5662.568359	187500	187500	187500	187500
187500	187500	5533.666016	-5670.660156	187500	187500	187500	187500
187500	187500	5530.87207	-5654.164551	187500	187500	187500	187500
187500	187500	5535.812012	-5643.055664	187500	187500	187500	187500
187500	187500	5532.458984	-5655.32666	187500	187500	187500	187500
187500	187500	5524.993652	-5664.982422	187500	187500	187500	187500
187500	187500	5520.54541	-5655.371094	187500	187500	187500	187500
187500	187500	5527.474609	-5637.288574	187500	187500	187500	187500
187500	187500	5540.639648	-5632.729004	187500	187500	187500	187500
187500	187500	5531.587402	-5648.330566	187500	187500	187500	187500
187500	187500	5521.193848	-5646.922363	187500	187500	187500	187500
187500	187500	5532.03418	-5621.709473	187500	187500	187500	187500
187500	187500	5539.388184	-5618.937988	187500	187500	187500	187500
187500	187500	5537.421387	-5637.333496	187500	187500	187500	187500
187500	187500	5534.850586	-5637.288574	187500	187500	187500	187500
187500	187500	5540.84082	-5621.061523	187500	187500	187500	187500
187500	187500	5549.692383	-5619.988281	187500	187500	187500	187500
187500	187500	5540.863281	-5646.18457	187500	187500	187500	187500
187500	187500	5529.799316	-5659.148926	187500	187500	187500	187500
187500	187500	5529.598145	-5648.419922	187500	187500	187500	187500
187500	187500	5534.470703	-5645.469727	187500	187500	187500	187500
187500	187500	5535.275391	-5661.40625	187500	187500	187500	187500
187500	187500	5529.84375	-5671.241211	187500	187500	187500	187500
187500	187500	5533.241211	-5654.879395	187500	187500	187500	187500
187500	187500	5543.657227	-5639.144043	187500	187500	187500	187500
187500	187500	5547.568848	-5648.040039	187500	187500	187500	187500
187500	187500	5549.513672	-5654.8125	187500	187500	187500	187500
187500	187500	5552.731934	-5641.558105	187500	187500	187500	187500
187500	187500	5562.701172	-5623.453125	187500	187500	187500	187500
187500	187500	5569.473633	-5631.924316	187500	187500	187500	187500
187500	187500	5560.733887	-5646.140137	187500	187500	187500	187500
187500	187500	5559.236328	-5633.757324	187500	187500	187500	187500
187500	187500	5573.452148	-5606.644531	187500	187500	187500	187500
187500	187500	5577.341309	-5603.224609	187500	187500	187500	187500
187500	187500	5557.962402	-5628.370605	187500	187500	187500	187500
187500	187500	5539.745605	-5635.925293	187500	187500	187500	187500
187500	187500	5550.161621	-5607.11377	187500	187500	187500	187500
187500	187500	5565.718262	-5589.858398	187500	187500	187500	187500
187500	187500	5563.707031	-5599.492188	187500	187500	187500	187500
187500	187500	5550.563965	-5599.536621	187500	187500	187500	187500
187500	187500	5546.719727	-5584.359863	187500	187500	187500	187500
187500	187500	5547.881836	-5584.11377	187500	187500	187500	187500
187500	187500	5540.505859	-5604.342285	187500	187500	187500	187500
187500	187500	5533.755371	-5607.404297	187500	187500	187500	187500
187500	187500	5541.914063	-5587.243164	187500	187500	187500	187500
187500	187500	5548.95459	-5584.940918	187500	187500	187500	187500
187500	187500	5536.057617	-5619.765137	187500	187500	187500	187500
187500	187500	5522.57959	-5640.797852	187500	187500	187500	187500
187500	187500	5514.421387	-5632.237305	187500	187500	187500	187500
187500	187500	5519.20459	-5626.269531	187500	187500	187500	187500
187500	187500	5520.299805	-5647.928223	187500	187500	187500	187500
187500	187500	5509.816895	-5669.497559	187500	187500	187500	187500
187500	187500	5506.463867	-5666.882324	187500	187500	187500	187500
187500	187500	5512.923828	-5654.946777	187500	187500	187500	187500
187500	187500	5513.169434	-5666.368164	187500	187500	187500	187500
187500	187500	5496.763184	-5695.090332	187500	187500	187500	187500
187500	187500	5477.585449	-5703.785156	187500	187500	187500	187500
187500	187500	5488.269531	-5686.909668	187500	187500	187500	187500
187500	187500	5497.992676	-5691.916504	187500	187500	187500	187500
187500	187500	5484.648926	-5718.000977	187500	187500	187500	187500
187500	187500	5468.019043	-5723.879395	187500	187500	187500	187500
187500	187500	5465.225098	-5713.374023	187500	187500	187500	187500
187500	187500	5477.920898	-5713.039063	187500	187500	187500	187500
187500	187500	5474.90332	-5730.786133	187500	187500	187500	187500