250
9
Frame	CH1	CH2	CH3	CH4	CH5	CH6	CH7	CH8
0	187500	187500	26785.794921875	22113.318359375	187500	187500	187500	187500
1	187500	187500	27044.806640625	22546.740234375	187500	187500	187500	187500
2	187500	187500	26828.26171875	22532.927734375	187500	187500	187500	187500
3	187500	187500	26542.875	22104.400390625	187500	187500	187500	187500
4	187500	187500	26730.25	22078.76171875	187500	187500	187500	187500
5	187500	187500	27040.58203125	22506.619140625	187500	187500	187500	187500
6	187500	187500	26913.578125	22602.6875	187500	187500	187500	187500
7	187500	187500	26578.369140625	22185.759765625	187500	187500	187500	187500
8	187500	187500	26678.439453125	22047.447265625	187500	187500	187500	187500
9	187500	187500	27021.560546875	22452.953125	187500	187500	187500	187500
10	187500	187500	26953.833984375	22642.71875	187500	187500	187500	187500
11	187500	187500	26601.75	22274.02734375	187500	187500	187500	187500
12	187500	187500	26618.447265625	22035.7578125	187500	187500	187500	187500
13	187500	187500	26971.873046875	22391.3515625	187500	187500	187500	187500
14	187500	187500	26984.791015625	22659.6171875	187500	187500	187500	187500
15	187500	187500	26634.40625	22354.224609375	187500	187500	187500	187500
16	187500	187500	26563.05859375	22033.03125	187500	187500	187500	187500
17	187500	187500	26911.25390625	22305.9453125	187500	187500	187500	187500
18	187500	187500	27022.431640625	22653.359375	187500	187500	187500	187500
19	187500	187500	26680.94140625	22426.98046875	187500	187500	187500	187500
20	187500	187500	26525.3515625	22050.822265625	187500	187500	187500	187500
21	187500	187500	26833.783203125	22234.0625	187500	187500	187500	187500
22	187500	187500	27026.701171875	22626.759765625	187500	187500	187500	187500
23	187500	187500	26761.318359375	22506.240234375	187500	187500	187500	187500
24	187500	187500	26530.0234375	22083.947265625	187500	187500	187500	187500
25	187500	187500	26781.01171875	22165.197265625	187500	187500	187500	187500
26	187500	187500	27031.8203125	22587.353515625	187500	187500	187500	187500
27	187500	187500	26805.8203125	22563.326171875	187500	187500	187500	187500
28	187500	187500	26510.80078125	22131.556640625	187500	187500	187500	187500
29	187500	187500	26698.95703125	22103.484375	187500	187500	187500	187500
30	187500	187500	27013.603515625	22532.2578125	187500	187500	187500	187500
31	187500	187500	26867.064453125	22617.796875	187500	187500	187500	187500
32	187500	187500	26537.01953125	22203.1953125	187500	187500	187500	187500
33	187500	187500	26656.376953125	22074.314453125	187500	187500	187500	187500
34	187500	187500	26995.564453125	22480.111328125	187500	187500	187500	187500
35	187500	187500	26913.244140625	22655.013671875	187500	187500	187500	187500
36	187500	187500	26546.51953125	22267.791015625	187500	187500	187500	187500
37	187500	187500	26579.0859375	22041.48046875	187500	187500	187500	187500
38	187500	187500	26919.390625	22382.34375	187500	187500	187500	187500
39	187500	187500	26930.25390625	22639.880859375	187500	187500	187500	187500
40	187500	187500	26571.150390625	22331.626953125	187500	187500	187500	187500
41	187500	187500	26484.939453125	22005.404296875	187500	187500	187500	187500
42	187500	187500	26833.24609375	22278.162109375	187500	187500	187500	187500
43	187500	187500	26948.291015625	22616.701171875	187500	187500	187500	187500
44	187500	187500	26633.802734375	22405.12109375	187500	187500	187500	187500
45	187500	187500	26487.130859375	22035.892578125	187500	187500	187500	187500
46	187500	187500	26807.9453125	22219.84765625	187500	187500	187500	187500
47	187500	187500	26992.546875	22601.32421875	187500	187500	187500	187500
48	187500	187500	26723.142578125	22481.7421875	187500	187500	187500	187500
49	187500	187500	26518.736328125	22082.2265625	187500	187500	187500	187500
50	187500	187500	26770.86328125	22167.341796875	187500	187500	187500	187500
51	187500	187500	27023.4375	22589.58984375	187500	187500	187500	187500
52	187500	187500	26809.28515625	22575.775390625	187500	187500	187500	187500
53	187500	187500	26522.84765625	22143.515625	187500	187500	187500	187500
54	187500	187500	26712.48046875	22111.126953125	187500	187500	187500	187500
55	187500	187500	27026.74609375	22543.880859375	187500	187500	187500	187500
56	187500	187500	26889.1484375	22631.87890625	187500	187500	187500	187500
57	187500	187500	26563.416015625	22212.203125	187500	187500	187500	187500
58	187500	187500	26670.59375	22077.01953125	187500	187500	187500	187500
59	187500	187500	27020.689453125	22476.84765625	187500	187500	187500	187500
60	187500	187500	26966.619140625	22657.314453125	187500	187500	187500	187500
61	187500	187500	26614.646484375	22281.314453125	187500	187500	187500	187500
62	187500	187500	26627.72265625	22044.251953125	187500	187500	187500	187500
63	187500	187500	26999.767578125	22396.42578125	187500	187500	187500	187500
64	187500	187500	27040.537109375	22669.65234375	187500	187500	187500	187500
65	187500	187500	26705.505859375	22373.3359375	187500	187500	187500	187500
66	187500	187500	26629.421875	22050.77734375	187500	187500	187500	187500
67	187500	187500	26978.779296875	22327.806640625	187500	187500	187500	187500
68	187500	187500	27101.021484375	22679.287109375	187500	187500	187500	187500
69	187500	187500	26783.916015625	22463.994140625	187500	187500	187500	187500
70	187500	187500	26631.96875	22075.455078125	187500	187500	187500	187500
71	187500	187500	26953.544921875	22255.20703125	187500	187500	187500	187500
72	187500	187500	27162.17578125	22658.767578125	187500	187500	187500	187500
73	187500	187500	26899.341796875	22548.685546875	187500	187500	187500	187500
74	187500	187500	26661.876953125	22114.302734375	187500	187500	187500	187500
75	187500	187500	26900.078125	22179.45703125	187500	187500	187500	187500
76	187500	187500	27172.546875	22620.880859375	187500	187500	187500	187500
77	187500	187500	26972.72265625	22616.34375	187500	187500	187500	187500
78	187500	187500	26678.841796875	22170.3828125	187500	187500	187500	187500
79	187500	187500	26855.017578125	22124.001953125	187500	187500	187500	187500
80	187500	187500	27174.333984375	22560.017578125	187500	187500	187500	187500
81	187500	187500	27037.20703125	22655.90625	187500	187500	187500	187500
82	187500	187500	26701.974609375	22239.62890625	187500	187500	187500	187500
83	187500	187500	26801.931640625	22089.78125	187500	187500	187500	187500
84	187500	187500	27152.609375	22496.650390625	187500	187500	187500	187500
85	187500	187500	27108.955078125	22698.62109375	187500	187500	187500	187500
86	187500	187500	26758.435546875	22327.470703125	187500	187500	187500	187500
87	187500	187500	26763.44140625	22081.66796875	187500	187500	187500	187500
88	187500	187500	27119.505859375	22429.55078125	187500	187500	187500	187500
89	187500	187500	27163.94140625	22714.53515625	187500	187500	187500	187500
90	187500	187500	26826.4296875	22417.66015625	187500	187500	187500	187500
91	187500	187500	26743.638671875	22088.642578125	187500	187500	187500	187500
92	187500	187500	27082.2890625	22367.904296875	187500	187500	187500	187500
93	187500	187500	27203.32421875	22727.87890625	187500	187500	187500	187500
94	187500	187500	26886.599609375	22508.384765625	187500	187500	187500	187500
95	187500	187500	26711.98828125	22110.61328125	187500	187500	187500	187500
96	187500	187500	27012.6875	22290.142578125	187500	187500	187500	187500
97	187500	187500	27200.6875	22694.1953125	187500	187500	187500	187500
98	187500	187500	26932.154296875	22579.642578125	187500	187500	187500	187500
99	187500	187500	26704.0546875	22153.908203125	187500	187500	187500	187500
100	187500	187500	26968.33984375	22234.2421875	187500	187500	187500	187500
101	187500	187500	27230.974609375	22661.2265625	187500	187500	187500	187500
102	187500	187500	27007.904296875	22645.490234375	187500	187500	187500	187500
103	187500	187500	26696.611328125	22206.369140625	187500	187500	187500	187500
104	187500	187500	26866.86328125	22169.376953125	187500	187500	187500	187500
105	187500	187500	27173.6640625	22596.787109375	187500	187500	187500	187500
106	187500	187500	27039.978515625	22686.751953125	187500	187500	187500	187500
107	187500	187500	26698.82421875	22269.51171875	187500	187500	187500	187500
108	187500	187500	26799.830078125	22140.609375	187500	187500	187500	187500
109	187500	187500	27140.560546875	22540.3046875	187500	187500	187500	187500
110	187500	187500	27078.333984375	22722.0234375	187500	187500	187500	187500
111	187500	187500	26731.099609375	22353.599609375	187500	187500	187500	187500
112	187500	187500	26745.896484375	22116.626953125	187500	187500	187500	187500
113	187500	187500	27090.8515625	22459.189453125	187500	187500	187500	187500
114	187500	187500	27122.947265625	22740.12890625	187500	187500	187500	187500
115	187500	187500	26777.92578125	22440.16796875	187500	187500	187500	187500
116	187500	187500	26692.36328125	22110.412109375	187500	187500	187500	187500
117	187500	187500	27034.5234375	22377.91796875	187500	187500	187500	187500
118	187500	187500	27137.3203125	22710.869140625	187500	187500	187500	187500
119	187500	187500	26812.884765625	22487.396484375	187500	187500	187500	187500
120	187500	187500	26653.8515625	22115.666015625	187500	187500	187500	187500
121	187500	187500	26968.2734375	22305.521484375	187500	187500	187500	187500
122	187500	187500	27145.568359375	22690.283203125	187500	187500	187500	187500
123	187500	187500	26852.58203125	22559.548828125	187500	187500	187500	187500
124	187500	187500	26620.5703125	22140.05078125	187500	187500	187500	187500
125	187500	187500	26890.064453125	22228.1171875	187500	187500	187500	187500
126	187500	187500	27152.25	22651.123046875	187500	187500	187500	187500
127	187500	187500	26936.6015625	22633.82421875	187500	187500	187500	187500
128	187500	187500	26639.099609375	22205.474609375	187500	187500	187500	187500
129	187500	187500	26823.970703125	22182.49609375	187500	187500	187500	187500
130	187500	187500	27143.19921875	22619.31640625	187500	187500	187500	187500
131	187500	187500	26992.033203125	22693.994140625	187500	187500	187500	187500
132	187500	187500	26644.375	22260.169921875	187500	187500	187500	187500
133	187500	187500	26751.88671875	22121.701171875	187500	187500	187500	187500
134	187500	187500	27114.54296875	22541.353515625	187500	187500	187500	187500
135	187500	187500	27065.5703125	22733.35546875	187500	187500	187500	187500
136	187500	187500	26703.40625	22351.87890625	187500	187500	187500	187500
137	187500	187500	26712.30078125	22110.009765625	187500	187500	187500	187500
138	187500	187500	27074.109375	22468.95703125	187500	187500	187500	187500
139	187500	187500	27103.63671875	22738.720703125	187500	187500	187500	187500
140	187500	187500	26765.833984375	22435.138671875	187500	187500	187500	187500
141	187500	187500	26703.494140625	22124.046875	187500	187500	187500	187500
142	187500	187500	27063.6484375	22409.58984375	187500	187500	187500	187500
143	187500	187500	27169.55078125	22748.80078125	187500	187500	187500	187500
144	187500	187500	26828.75390625	22512.521484375	187500	187500	187500	187500
145	187500	187500	26668.134765625	22129.2109375	187500	187500	187500	187500
146	187500	187500	26991.36328125	22316.271484375	187500	187500	187500	187500
147	187500	187500	27190.31640625	22713.708984375	187500	187500	187500	187500
148	187500	187500	26912.013671875	22589.90234375	187500	187500	187500	187500
149	187500	187500	26670.951171875	22170.11328125	187500	187500	187500	187500
150	187500	187500	26911.5234375	22241.974609375	187500	187500	187500	187500
151	187500	187500	27175.408203125	22661.673828125	187500	187500	187500	187500
152	187500	187500	26985.529296875	22653.11328125	187500	187500	187500	187500
153	187500	187500	26697.482421875	22218.974609375	187500	187500	187500	187500
154	187500	187500	26869.904296875	22173.466796875	187500	187500	187500	187500
155	187500	187500	27177.62109375	22597.79296875	187500	187500	187500	187500
156	187500	187500	27026.611328125	22680.560546875	187500	187500	187500	187500
157	187500	187500	26687.333984375	22257.263671875	187500	187500	187500	187500
158	187500	187500	26791.203125	22115.28515625	187500	187500	187500	187500
159	187500	187500	27122.5	22501.12109375	187500	187500	187500	187500
160	187500	187500	27067.1796875	22685.701171875	187500	187500	187500	187500
161	187500	187500	26717.017578125	22307.33203125	187500	187500	187500	187500
162	187500	187500	26725.623046875	22054.109375	187500	187500	187500	187500
163	187500	187500	27092.4609375	22406.439453125	187500	187500	187500	187500
164	187500	187500	27128.490234375	22689.189453125	187500	187500	187500	187500
165	187500	187500	26783.291015625	22382.5234375	187500	187500	187500	187500
166	187500	187500	26697.4609375	22056.455078125	187500	187500	187500	187500
167	187500	187500	27028.646484375	22318.775390625	187500	187500	187500	187500
168	187500	187500	27136.4921875	22661.94140625	187500	187500	187500	187500
169	187500	187500	26806.984375	22442.537109375	187500	187500	187500	187500
170	187500	187500	26634.0703125	22054.17578125	187500	187500	187500	187500
171	187500	187500	26926.498046875	22226.59765625	187500	187500	187500	187500
172	187500	187500	27096.9296875	22608.052734375	187500	187500	187500	187500
173	187500	187500	26824.3515625	22493.701171875	187500	187500	187500	187500
174	187500	187500	26599.201171875	22084.1484375	187500	187500	187500	187500
175	187500	187500	26852.9609375	22162.044921875	187500	187500	187500	187500
176	187500	187500	27103.234375	22579.978515625	187500	187500	187500	187500
177	187500	187500	26890.177734375	22569.205078125	187500	187500	187500	187500
178	187500	187500	26587.064453125	22133.14453125	187500	187500	187500	187500
179	187500	187500	26763.107421875	22098.41015625	187500	187500	187500	187500
180	187500	187500	27078.19921875	22520.388671875	187500	187500	187500	187500
181	187500	187500	26943.462890625	22607.380859375	187500	187500	187500	187500
182	187500	187500	26602.509765625	22187.32421875	187500	187500	187500	187500
183	187500	187500	26707.115234375	22041.927734375	187500	187500	187500	187500
184	187500	187500	27073.125	22446.314453125	187500	187500	187500	187500
185	187500	187500	27013.37890625	22634.560546875	187500	187500	187500	187500
186	187500	187500	26663.9765625	22269.021484375	187500	187500	187500	187500
187	187500	187500	26675.80078125	22029.38671875	187500	187500	187500	187500
188	187500	187500	27026.1875	22372.93359375	187500	187500	187500	187500
189	187500	187500	27050.349609375	22641.244140625	187500	187500	187500	187500
190	187500	187500	26688.966796875	22322.44140625	187500	187500	187500	187500
191	187500	187500	26608.5	22004.3984375	187500	187500	187500	187500
192	187500	187500	26962.41796875	22284.263671875	187500	187500	187500	187500
193	187500	187500	27094.62890625	22636.193359375	187500	187500	187500	187500
194	187500	187500	26781.81640625	22415.3125	187500	187500	187500	187500
195	187500	187500	26622.111328125	22021.36328125	187500	187500	187500	187500
196	187500	187500	26930.23046875	22198.544921875	187500	187500	187500	187500
197	187500	187500	27117.26953125	22596.2734375	187500	187500	187500	187500
198	187500	187500	26828.240234375	22469.29296875	187500	187500	187500	187500
199	187500	187500	26584.3828125	22040.5625	187500	187500	187500	187500
200	187500	187500	26832.0625	22109.1171875	187500	187500	187500	187500
201	187500	187500	27100.685546875	22539.09765625	187500	187500	187500	187500
202	187500	187500	26897.59765625	22532.681640625	187500	187500	187500	187500
203	187500	187500	26608.27734375	22098.96875	187500	187500	187500	187500
204	187500	187500	26794.443359375	22056.076171875	187500	187500	187500	187500
205	187500	187500	27106.474609375	22475.21484375	187500	187500	187500	187500
206	187500	187500	26982.421875	22575.373046875	187500	187500	187500	187500
207	187500	187500	26644.6875	22164.525390625	187500	187500	187500	187500
208	187500	187500	26740.7109375	22031.064453125	187500	187500	187500	187500
209	187500	187500	27084.8828125	22434.84765625	187500	187500	187500	187500
210	187500	187500	27040.201171875	22630.693359375	187500	187500	187500	187500
211	187500	187500	26691.849609375	22256.59375	187500	187500	187500	187500
212	187500	187500	26695.203125	22003.19140625	187500	187500	187500	187500
213	187500	187500	27054.1484375	22352.83984375	187500	187500	187500	187500
214	187500	187500	27094.2265625	22637.376953125	187500	187500	187500	187500
215	187500	187500	26735.30078125	22327.849609375	187500	187500	187500	187500
216	187500	187500	26642.51953125	21990.048828125	187500	187500	187500	187500
217	187500	187500	26988.927734375	22264.3046875	187500	187500	187500	187500
218	187500	187500	27098.896484375	22604.1171875	187500	187500	187500	187500
219	187500	187500	26782.486328125	22386.322265625	187500	187500	187500	187500
220	187500	187500	26620.033203125	21995.0546875	187500	187500	187500	187500
221	187500	187500	26933.875	22158.603515625	187500	187500	187500	187500
222	187500	187500	27131.28515625	22551.009765625	187500	187500	187500	187500
223	187500	187500	26860.6953125	22441.912109375	187500	187500	187500	187500
224	187500	187500	26624.59375	22009.001953125	187500	187500	187500	187500
225	187500	187500	26878.12890625	22072.59375	187500	187500	187500	187500
226	187500	187500	27145.322265625	22501.634765625	187500	187500	187500	187500
227	187500	187500	26930.208984375	22487.84375	187500	187500	187500	187500
228	187500	187500	26632.013671875	22050.197265625	187500	187500	187500	187500
229	187500	187500	26813.46484375	22015.6640625	187500	187500	187500	187500
230	187500	187500	27136.650390625	22451.791015625	187500	187500	187500	187500
231	187500	187500	26998.58203125	22542.94140625	187500	187500	187500	187500
232	187500	187500	26659.796875	22119.912109375	187500	187500	187500	187500
233	187500	187500	26760.3125	21970.3125	187500	187500	187500	187500
234	187500	187500	27105.423828125	22365.625	187500	187500	187500	187500
235	187500	187500	27052.94140625	22558.029296875	187500	187500	187500	187500
236	187500	187500	26699.740234375	22175.232421875	187500	187500	187500	187500
237	187500	187500	26710.2890625	21923.640625	187500	187500	187500	187500
238	187500	187500	27069.884765625	22274.09375	187500	187500	187500	187500
239	187500	187500	27088.19140625	22537.666015625	187500	187500	187500	187500
240	187500	187500	26730.02734375	22222.796875	187500	187500	187500	187500
241	187500	187500	26651.236328125	21903.546875	187500	187500	187500	187500
242	187500	187500	26999.54296875	22185.671875	187500	187500	187500	187500
243	187500	187500	27101.669921875	22536.2578125	187500	187500	187500	187500
244	187500	187500	26770.482421875	22321.79296875	187500	187500	187500	187500
245	187500	187500	26613.998046875	21942.841796875	187500	187500	187500	187500
246	187500	187500	26909.556640625	22119.666015625	187500	187500	187500	187500
247	187500	187500	27096.3046875	22515.60546875	187500	187500	187500	187500
248	187500	187500	26833.783203125	22406.9765625	187500	187500	187500	187500
249	187500	187500	26608.767578125	21993.37890625	187500	187500	187500	187500
