250
9
Frame	CH1	CH2	CH3	CH4	CH5	CH6	CH7	CH8
0	187500	187500	5571.865234375	-5481.5419921875	187500	187500	187500	187500
1	187500	187500	5586.37158203125	-5466.43212890625	187500	187500	187500	187500
2	187500	187500	5589.8583984375	-5491.04150390625	187500	187500	187500	187500
3	187500	187500	5580.73876953125	-5512.2978515625	187500	187500	187500	187500
4	187500	187500	5567.1044921875	-5513.01318359375	187500	187500	187500	187500
5	187500	187500	5555.92822265625	-5520.5009765625	187500	187500	187500	187500
6	187500	187500	5559.57177734375	-5532.861328125	187500	187500	187500	187500
7	187500	187500	5564.2431640625	-5553.76025390625	187500	187500	187500	187500
8	187500	187500	5558.2978515625	-5571.32861328125	187500	187500	187500	187500
9	187500	187500	5554.095703125	-5587.15380859375	187500	187500	187500	187500
10	187500	187500	5559.16943359375	-5608.96923828125	187500	187500	187500	187500
11	187500	187500	5561.35986328125	-5645.55908203125	187500	187500	187500	187500
12	187500	187500	5560.95751953125	-5657.76318359375	187500	187500	187500	187500
13	187500	187500	5558.9013671875	-5658.09814453125	187500	187500	187500	187500
14	187500	187500	5564.75732421875	-5666.92724609375	187500	187500	187500	187500
15	187500	187500	5563.52783203125	-5699.2255859375	187500	187500	187500	187500
16	187500	187500	5545.02099609375	-5728.5732421875	187500	187500	187500	187500
17	187500	187500	5539.0302734375	-5715.765625	187500	187500	187500	187500
18	187500	187500	5526.02197265625	-5704.7685546875	187500	187500	187500	187500
19	187500	187500	5512.8564453125	-5715.27392578125	187500	187500	187500	187500
20	187500	187500	5481.720703125	-5733.31201171875	187500	187500	187500	187500
21	187500	187500	5461.00048828125	-5729.06494140625	187500	187500	187500	187500
22	187500	187500	5452.84228515625	-5702.31005859375	187500	187500	187500	187500
23	187500	187500	5450.919921875	-5707.2275390625	187500	187500	187500	187500
24	187500	187500	5433.3515625	-5730.89794921875	187500	187500	187500	187500
25	187500	187500	5412.162109375	-5727.27685546875	187500	187500	187500	187500
26	187500	187500	5408.943359375	-5706.6015625	187500	187500	187500	187500
27	187500	187500	5409.099609375	-5711.228515625	187500	187500	187500	187500
28	187500	187500	5383.1943359375	-5738.43017578125	187500	187500	187500	187500
29	187500	187500	5356.64013671875	-5744.4208984375	187500	187500	187500	187500
30	187500	187500	5370.65478515625	-5722.9853515625	187500	187500	187500	187500
31	187500	187500	5383.68603515625	-5725.04150390625	187500	187500	187500	187500
32	187500	187500	5347.9228515625	-5757.63037109375	187500	187500	187500	187500
33	187500	187500	5319.3349609375	-5787.06787109375	187500	187500	187500	187500
34	187500	187500	5324.38671875	-5769.87939453125	187500	187500	187500	187500
35	187500	187500	5349.08544921875	-5760.40234375	187500	187500	187500	187500
36	187500	187500	5346.04541015625	-5792.7451171875	187500	187500	187500	187500
37	187500	187500	5334.71337890625	-5818.3828125	187500	187500	187500	187500
38	187500	187500	5327.962890625	-5808.43603515625	187500	187500	187500	187500
39	187500	187500	5332.58984375	-5815.67822265625	187500	187500	187500	187500
40	187500	187500	5315.84814453125	-5848.1328125	187500	187500	187500	187500
41	187500	187500	5306.30419921875	-5869.3447265625	187500	187500	187500	187500
42	187500	187500	5299.66552734375	-5860.64990234375	187500	187500	187500	187500
43	187500	187500	5306.66162109375	-5849.09375	187500	187500	187500	187500
44	187500	187500	5314.1943359375	-5854.83837890625	187500	187500	187500	187500
45	187500	187500	5308.24853515625	-5858.6826171875	187500	187500	187500	187500
46	187500	187500	5305.365234375	-5847.86474609375	187500	187500	187500	187500
47	187500	187500	5324.54296875	-5828.23974609375	187500	187500	187500	187500
48	187500	187500	5336.3671875	-5817.42138671875	187500	187500	187500	187500
49	187500	187500	5317.32373046875	-5817.19775390625	187500	187500	187500	187500
50	187500	187500	5321.03369140625	-5814.9404296875	187500	187500	187500	187500
51	187500	187500	5325.28076171875	-5780.07177734375	187500	187500	187500	187500
52	187500	187500	5306.7958984375	-5772.82958984375	187500	187500	187500	187500
53	187500	187500	5291.08251953125	-5787.62646484375	187500	187500	187500	187500
54	187500	187500	5294.033203125	-5773.88037109375	187500	187500	187500	187500
55	187500	187500	5320.5419921875	-5743.07958984375	187500	187500	187500	187500
56	187500	187500	5352.25927734375	-5719.744140625	187500	187500	187500	187500
57	187500	187500	5364.150390625	-5704.12060546875	187500	187500	187500	187500
58	187500	187500	5361.9150390625	-5689.27880859375	187500	187500	187500	187500
59	187500	187500	5374.25341796875	-5657.830078125	187500	187500	187500	187500
60	187500	187500	5404.0927734375	-5635.76904296875	187500	187500	187500	187500
61	187500	187500	5407.580078125	-5636.595703125	187500	187500	187500	187500
62	187500	187500	5399.62255859375	-5626.33642578125	187500	187500	187500	187500
63	187500	187500	5407.9599609375	-5603.33642578125	187500	187500	187500	187500
64	187500	187500	5423.98583984375	-5584.8291015625	187500	187500	187500	187500
65	187500	187500	5423.67333984375	-5599.15673828125	187500	187500	187500	187500
66	187500	187500	5409.79248046875	-5603.58251953125	187500	187500	187500	187500
67	187500	187500	5434.6923828125	-5579.97900390625	187500	187500	187500	187500
68	187500	187500	5477.02685546875	-5552.888671875	187500	187500	187500	187500
69	187500	187500	5489.4541015625	-5555.57080078125	187500	187500	187500	187500
70	187500	187500	5479.865234375	-5570.8818359375	187500	187500	187500	187500
71	187500	187500	5477.76416015625	-5560.48828125	187500	187500	187500	187500
72	187500	187500	5497.27734375	-5553.76025390625	187500	187500	187500	187500
73	187500	187500	5510.4423828125	-5564.91357421875	187500	187500	187500	187500
74	187500	187500	5504.16162109375	-5583.33154296875	187500	187500	187500	187500
75	187500	187500	5504.072265625	-5571.306640625	187500	187500	187500	187500
76	187500	187500	5511.515625	-5557.4482421875	187500	187500	187500	187500
77	187500	187500	5518.66796875	-5569.78662109375	187500	187500	187500	187500
78	187500	187500	5521.59619140625	-5591.2666015625	187500	187500	187500	187500
79	187500	187500	5519.33837890625	-5595.78173828125	187500	187500	187500	187500
80	187500	187500	5525.462890625	-5581.0966796875	187500	187500	187500	187500
81	187500	187500	5526.80419921875	-5592.2275390625	187500	187500	187500	187500
82	187500	187500	5516.18701171875	-5612.6796875	187500	187500	187500	187500
83	187500	187500	5510.8447265625	-5605.6611328125	187500	187500	187500	187500
84	187500	187500	5515.98583984375	-5583.48828125	187500	187500	187500	187500
85	187500	187500	5522.17724609375	-5582.32568359375	187500	187500	187500	187500
86	187500	187500	5518.2880859375	-5593.77001953125	187500	187500	187500	187500
87	187500	187500	5511.18017578125	-5594.10498046875	187500	187500	187500	187500
88	187500	187500	5514.5107421875	-5571.060546875	187500	187500	187500	187500
89	187500	187500	5532.41455078125	-5555.12353515625	187500	187500	187500	187500
90	187500	187500	5530.291015625	-5568.40087890625	187500	187500	187500	187500
91	187500	187500	5515.82958984375	-5576.6708984375	187500	187500	187500	187500
92	187500	187500	5504.58642578125	-5562.0302734375	187500	187500	187500	187500
93	187500	187500	5503.5361328125	-5552.1064453125	187500	187500	187500	187500
94	187500	187500	5501.2783203125	-5566.8134765625	187500	187500	187500	187500
95	187500	187500	5487.3310546875	-5579.2412109375	187500	187500	187500	187500
96	187500	187500	5477.7197265625	-5568.35595703125	187500	187500	187500	187500
97	187500	187500	5491.0634765625	-5547.0771484375	187500	187500	187500	187500
98	187500	187500	5498.39501953125	-5550.81005859375	187500	187500	187500	187500
99	187500	187500	5488.60498046875	-5565.271484375	187500	187500	187500	187500
100	187500	187500	5475.6630859375	-5556.62109375	187500	187500	187500	187500
101	187500	187500	5477.25048828125	-5541.35498046875	187500	187500	187500	187500
102	187500	187500	5485.85546875	-5550.876953125	187500	187500	187500	187500
103	187500	187500	5475.21630859375	-5573.96630859375	187500	187500	187500	187500
104	187500	187500	5465.98486328125	-5572.87109375	187500	187500	187500	187500
105	187500	187500	5494.259765625	-5537.8681640625	187500	187500	187500	187500
106	187500	187500	5505.63720703125	-5535.87890625	187500	187500	187500	187500
107	187500	187500	5500.7197265625	-5559.8623046875	187500	187500	187500	187500
108	187500	187500	5494.41650390625	-5564.77978515625	187500	187500	187500	187500
109	187500	187500	5497.4560546875	-5543.9033203125	187500	187500	187500	187500
110	187500	187500	5508.6767578125	-5538.38232421875	187500	187500	187500	187500
111	187500	187500	5507.17919921875	-5557.33642578125	187500	187500	187500	187500
112	187500	187500	5489.61083984375	-5566.56787109375	187500	187500	187500	187500
113	187500	187500	5488.02392578125	-5552.37451171875	187500	187500	187500	187500
114	187500	187500	5503.82666015625	-5540.103515625	187500	187500	187500	187500
115	187500	187500	5517.2822265625	-5541.62353515625	187500	187500	187500	187500
116	187500	187500	5508.74365234375	-5543.21044921875	187500	187500	187500	187500
117	187500	187500	5507.8720703125	-5528.59228515625	187500	187500	187500	187500
118	187500	187500	5516.14208984375	-5519.56201171875	187500	187500	187500	187500
119	187500	187500	5525.4404296875	-5522.93701171875	187500	187500	187500	187500
120	187500	187500	5526.55810546875	-5530.6708984375	187500	187500	187500	187500
121	187500	187500	5511.6943359375	-5543.6796875	187500	187500	187500	187500
122	187500	187500	5510.04052734375	-5546.6298828125	187500	187500	187500	187500
123	187500	187500	5516.14208984375	-5566.8359375	187500	187500	187500	187500
124	187500	187500	5501.501953125	-5592.33935546875	187500	187500	187500	187500
125	187500	187500	5498.484375	-5588.62890625	187500	187500	187500	187500
126	187500	187500	5504.98876953125	-5582.8173828125	187500	187500	187500	187500
127	187500	187500	5513.482421875	-5593.92626953125	187500	187500	187500	187500
128	187500	187500	5510.75537109375	-5610.53369140625	187500	187500	187500	187500
129	187500	187500	5500.00439453125	-5615.74169921875	187500	187500	187500	187500
130	187500	187500	5502.41845703125	-5605.236328125	187500	187500	187500	187500
131	187500	187500	5497.63525390625	-5622.2236328125	187500	187500	187500	187500
132	187500	187500	5487.30859375	-5650.90087890625	187500	187500	187500	187500
133	187500	187500	5470.05322265625	-5663.41796875	187500	187500	187500	187500
134	187500	187500	5466.76708984375	-5657.11474609375	187500	187500	187500	187500
135	187500	187500	5471.84130859375	-5660.2216796875	187500	187500	187500	187500
136	187500	187500	5472.24365234375	-5677.0302734375	187500	187500	187500	187500
137	187500	187500	5457.20068359375	-5687.89306640625	187500	187500	187500	187500
138	187500	187500	5455.8818359375	-5677.365234375	187500	187500	187500	187500
139	187500	187500	5467.482421875	-5669.4306640625	187500	187500	187500	187500
140	187500	187500	5455.4794921875	-5696.67724609375	187500	187500	187500	187500
141	187500	187500	5438.58154296875	-5712.45751953125	187500	187500	187500	187500
142	187500	187500	5434.62548828125	-5696.5654296875	187500	187500	187500	187500
143	187500	187500	5441.3310546875	-5682.1708984375	187500	187500	187500	187500
144	187500	187500	5443.96875	-5690.26220703125	187500	187500	187500	187500
145	187500	187500	5433.5751953125	-5700.4326171875	187500	187500	187500	187500
146	187500	187500	5422.287109375	-5689.12255859375	187500	187500	187500	187500
147	187500	187500	5425.79638671875	-5671.73291015625	187500	187500	187500	187500
148	187500	187500	5434.40185546875	-5673.1630859375	187500	187500	187500	187500
149	187500	187500	5430.9150390625	-5681.388671875	187500	187500	187500	187500
150	187500	187500	5419.06884765625	-5678.14794921875	187500	187500	187500	187500
151	187500	187500	5426.0869140625	-5660.95947265625	187500	187500	187500	187500
152	187500	187500	5436.86083984375	-5659.6630859375	187500	187500	187500	187500
153	187500	187500	5429.1044921875	-5677.8349609375	187500	187500	187500	187500
154	187500	187500	5424.298828125	-5672.51513671875	187500	187500	187500	187500
155	187500	187500	5429.66357421875	-5656.6455078125	187500	187500	187500	187500
156	187500	187500	5434.58056640625	-5662.8369140625	187500	187500	187500	187500
157	187500	187500	5423.740234375	-5689.85986328125	187500	187500	187500	187500
158	187500	187500	5399.7568359375	-5699.24755859375	187500	187500	187500	187500
159	187500	187500	5409.81494140625	-5670.95068359375	187500	187500	187500	187500
160	187500	187500	5434.44677734375	-5652.91259765625	187500	187500	187500	187500
161	187500	187500	5445.3544921875	-5660.51220703125	187500	187500	187500	187500
162	187500	187500	5440.25830078125	-5661.3837890625	187500	187500	187500	187500
163	187500	187500	5434.44677734375	-5646.87744140625	187500	187500	187500	187500
164	187500	187500	5436.63720703125	-5644.84375	187500	187500	187500	187500
165	187500	187500	5436.1455078125	-5660.10986328125	187500	187500	187500	187500
166	187500	187500	5437.3076171875	-5661.96533203125	187500	187500	187500	187500
167	187500	187500	5438.02294921875	-5647.10107421875	187500	187500	187500	187500
168	187500	187500	5441.2861328125	-5646.14013671875	187500	187500	187500	187500
169	187500	187500	5461.22412109375	-5650.56591796875	187500	187500	187500	187500
170	187500	187500	5459.99462890625	-5659.7744140625	187500	187500	187500	187500
171	187500	187500	5460.732421875	-5645.6708984375	187500	187500	187500	187500
172	187500	187500	5469.78466796875	-5632.1923828125	187500	187500	187500	187500
173	187500	187500	5474.9033203125	-5640.060546875	187500	187500	187500	187500
174	187500	187500	5468.44384765625	-5650.49853515625	187500	187500	187500	187500
175	187500	187500	5477.25048828125	-5631.7900390625	187500	187500	187500	187500
176	187500	187500	5507.1123046875	-5597.56982421875	187500	187500	187500	187500
177	187500	187500	5523.697265625	-5596.0048828125	187500	187500	187500	187500
178	187500	187500	5524.61376953125	-5604.38720703125	187500	187500	187500	187500
179	187500	187500	5520.34423828125	-5595.8037109375	187500	187500	187500	187500
180	187500	187500	5528.0556640625	-5568.93701171875	187500	187500	187500	187500
181	187500	187500	5543.36669921875	-5565.00341796875	187500	187500	187500	187500
182	187500	187500	5538.44921875	-5584.38232421875	187500	187500	187500	187500
183	187500	187500	5532.57080078125	-5580.671875	187500	187500	187500	187500
184	187500	187500	5544.17138671875	-5558.0966796875	187500	187500	187500	187500
185	187500	187500	5559.39306640625	-5552.1064453125	187500	187500	187500	187500
186	187500	187500	5559.34814453125	-5567.17138671875	187500	187500	187500	187500
187	187500	187500	5545.2890625	-5567.685546875	187500	187500	187500	187500
188	187500	187500	5548.41845703125	-5547.4794921875	187500	187500	187500	187500
189	187500	187500	5561.76220703125	-5541.13134765625	187500	187500	187500	187500
190	187500	187500	5562.94677734375	-5556.19677734375	187500	187500	187500	187500
191	187500	187500	5547.34521484375	-5571.6416015625	187500	187500	187500	187500
192	187500	187500	5545.75830078125	-5559.19189453125	187500	187500	187500	187500
193	187500	187500	5558.61083984375	-5544.2607421875	187500	187500	187500	187500
194	187500	187500	5560.17529296875	-5561.71728515625	187500	187500	187500	187500
195	187500	187500	5551.81591796875	-5579.93408203125	187500	187500	187500	187500
196	187500	187500	5549.669921875	-5571.12744140625	187500	187500	187500	187500
197	187500	187500	5569.51806640625	-5544.283203125	187500	187500	187500	187500
198	187500	187500	5572.17822265625	-5551.078125	187500	187500	187500	187500
199	187500	187500	5568.75830078125	-5566.232421875	187500	187500	187500	187500
200	187500	187500	5564.75732421875	-5554.296875	187500	187500	187500	187500
201	187500	187500	5576.40283203125	-5533.17431640625	187500	187500	187500	187500
202	187500	187500	5579.39794921875	-5539.14208984375	187500	187500	187500	187500
203	187500	187500	5573.6533203125	-5554.18505859375	187500	187500	187500	187500
204	187500	187500	5570.59130859375	-5547.8369140625	187500	187500	187500	187500
205	187500	187500	5577.76611328125	-5528.7265625	187500	187500	187500	187500
206	187500	187500	5589.34423828125	-5527.2509765625	187500	187500	187500	187500
207	187500	187500	5585.0751953125	-5544.0595703125	187500	187500	187500	187500
208	187500	187500	5580.0234375	-5540.662109375	187500	187500	187500	187500
209	187500	187500	5581.23046875	-5528.9052734375	187500	187500	187500	187500
210	187500	187500	5591.93701171875	-5521.77490234375	187500	187500	187500	187500
211	187500	187500	5598.93310546875	-5523.13818359375	187500	187500	187500	187500
212	187500	187500	5603.38134765625	-5516.455078125	187500	187500	187500	187500
213	187500	187500	5611.58447265625	-5490.23681640625	187500	187500	187500	187500
214	187500	187500	5620.837890625	-5484.2685546875	187500	187500	187500	187500
215	187500	187500	5620.97216796875	-5504.78759765625	187500	187500	187500	187500
216	187500	187500	5608.58935546875	-5506.17333984375	187500	187500	187500	187500
217	187500	187500	5608.58935546875	-5483.59814453125	187500	187500	187500	187500
218	187500	187500	5622.89404296875	-5463.1240234375	187500	187500	187500	187500
219	187500	187500	5619.16162109375	-5475.484375	187500	187500	187500	187500
220	187500	187500	5601.81640625	-5492.18115234375	187500	187500	187500	187500
221	187500	187500	5595.267578125	-5478.546875	187500	187500	187500	187500
222	187500	187500	5602.1962890625	-5458.720703125	187500	187500	187500	187500
223	187500	187500	5607.38232421875	-5466.96826171875	187500	187500	187500	187500
224	187500	187500	5593.61328125	-5482.77099609375	187500	187500	187500	187500
225	187500	187500	5572.55810546875	-5488.96240234375	187500	187500	187500	187500
226	187500	187500	5573.0498046875	-5482.9052734375	187500	187500	187500	187500
227	187500	187500	5580.470703125	-5491.9130859375	187500	187500	187500	187500
228	187500	187500	5581.76708984375	-5512.87890625	187500	187500	187500	187500
229	187500	187500	5568.0205078125	-5521.5068359375	187500	187500	187500	187500
230	187500	187500	5567.3056640625	-5514.15283203125	187500	187500	187500	187500
231	187500	187500	5574.63671875	-5520.61279296875	187500	187500	187500	187500
232	187500	187500	5578.34716796875	-5539.18701171875	187500	187500	187500	187500
233	187500	187500	5569.76416015625	-5547.0546875	187500	187500	187500	187500
234	187500	187500	5559.39306640625	-5541.66796875	187500	187500	187500	187500
235	187500	187500	5569.8984375	-5539.16455078125	187500	187500	187500	187500
236	187500	187500	5560.3095703125	-5566.232421875	187500	187500	187500	187500
237	187500	187500	5538.38232421875	-5592.36181640625	187500	187500	187500	187500
238	187500	187500	5525.14990234375	-5598.888671875	187500	187500	187500	187500
239	187500	187500	5520.59033203125	-5610.0419921875	187500	187500	187500	187500
240	187500	187500	5517.81884765625	-5632.0361328125	187500	187500	187500	187500
241	187500	187500	5504.921875	-5647.861328125	187500	187500	187500	187500
242	187500	187500	5495.64599609375	-5642.2734375	187500	187500	187500	187500
243	187500	187500	5493.79052734375	-5638.7861328125	187500	187500	187500	187500
244	187500	187500	5471.99755859375	-5661.74169921875	187500	187500	187500	187500
245	187500	187500	5453.3564453125	-5676.87353515625	187500	187500	187500	187500
246	187500	187500	5447.65673828125	-5665.54150390625	187500	187500	187500	187500
247	187500	187500	5442.18017578125	-5658.7685546875	187500	187500	187500	187500
248	187500	187500	5433.5751953125	-5674.86181640625	187500	187500	187500	187500
249	187500	187500	5415.20166015625	-5692.20703125	187500	187500	187500	187500
250	187500	187500	5401.65673828125	-5683.646484375	187500	187500	187500	187500
251	187500	187500	5403.22119140625	-5670.27978515625	187500	187500	187500	187500
252	187500	187500	5396.67236328125	-5688.34033203125	187500	187500	187500	187500
253	187500	187500	5383.328125	-5705.595703125	187500	187500	187500	187500
254	187500	187500	5379.23779296875	-5699.001953125	187500	187500	187500	187500
255	187500	187500	5381.71875	-5684.0263671875	187500	187500	187500	187500
256	187500	187500	5384.66943359375	-5688.72021484375	187500	187500	187500	187500
257	187500	187500	5386.05517578125	-5698.71142578125	187500	187500	187500	187500
258	187500	187500	5373.76171875	-5706.06494140625	187500	187500	187500	187500
259	187500	187500	5366.7880859375	-5698.06298828125	187500	187500	187500	187500
260	187500	187500	5371.59375	-5698.71142578125	187500	187500	187500	187500
261	187500	187500	5382.09912109375	-5707.7861328125	187500	187500	187500	187500
262	187500	187500	5375.326171875	-5714.04443359375	187500	187500	187500	187500
263	187500	187500	5376.48876953125	-5697.0126953125	187500	187500	187500	187500
264	187500	187500	5377.47216796875	-5689.79296875	187500	187500	187500	187500
265	187500	187500	5372.755859375	-5707.92041015625	187500	187500	187500	187500
266	187500	187500	5362.7421875	-5714	187500	187500	187500	187500
267	187500	187500	5366.43017578125	-5694.48681640625	187500	187500	187500	187500
268	187500	187500	5386.1220703125	-5678.013671875	187500	187500	187500	187500
269	187500	187500	5398.3935546875	-5682.86376953125	187500	187500	187500	187500
270	187500	187500	5398.52734375	-5687.89306640625	187500	187500	187500	187500
271	187500	187500	5404.65185546875	-5669.72119140625	187500	187500	187500	187500
272	187500	187500	5418.5322265625	-5648.48681640625	187500	187500	187500	187500
273	187500	187500	5414.978515625	-5660.4453125	187500	187500	187500	187500
274	187500	187500	5408.541015625	-5677.72314453125	187500	187500	187500	187500
275	187500	187500	5399.5556640625	-5672.51513671875	187500	187500	187500	187500
276	187500	187500	5396.314453125	-5661.31689453125	187500	187500	187500	187500
277	187500	187500	5410.150390625	-5650.11865234375	187500	187500	187500	187500
278	187500	187500	5408.40673828125	-5656.0419921875	187500	187500	187500	187500
279	187500	187500	5396.158203125	-5656.08642578125	187500	187500	187500	187500
280	187500	187500	5394.61572265625	-5640.26171875	187500	187500	187500	187500
281	187500	187500	5403.109375	-5637.53466796875	187500	187500	187500	187500
282	187500	187500	5415.44775390625	-5649.470703125	187500	187500	187500	187500
283	187500	187500	5414.5537109375	-5647.9951171875	187500	187500	187500	187500
284	187500	187500	5413.45849609375	-5629.75634765625	187500	187500	187500	187500
285	187500	187500	5428.2998046875	-5617.7978515625	187500	187500	187500	187500
286	187500	187500	5440.03466796875	-5617.6865234375	187500	187500	187500	187500
287	187500	187500	5443.43212890625	-5612.59033203125	187500	187500	187500	187500
288	187500	187500	5448.3046875	-5593.99365234375	187500	187500	187500	187500
289	187500	187500	5452.57373046875	-5589.2998046875	187500	187500	187500	187500
290	187500	187500	5438.06787109375	-5616.12158203125	187500	187500	187500	187500
291	187500	187500	5418.4873046875	-5635.43359375	187500	187500	187500	187500
292	187500	187500	5431.45166015625	-5612.0087890625	187500	187500	187500	187500
293	187500	187500	5464.46484375	-5572.78173828125	187500	187500	187500	187500
294	187500	187500	5473.0927734375	-5577.72119140625	187500	187500	187500	187500
295	187500	187500	5473.18212890625	-5591.4228515625	187500	187500	187500	187500
296	187500	187500	5479.03857421875	-5582.080078125	187500	187500	187500	187500
297	187500	187500	5483.37451171875	-5560.55517578125	187500	187500	187500	187500
298	187500	187500	5491.890625	-5556.17431640625	187500	187500	187500	187500
299	187500	187500	5487.97900390625	-5566.8359375	187500	187500	187500	187500
300	187500	187500	5476.7138671875	-5565.96435546875	187500	187500	187500	187500
301	187500	187500	5484.64892578125	-5546.65234375	187500	187500	187500	187500
302	187500	187500	5492.44921875	-5553.3134765625	187500	187500	187500	187500
303	187500	187500	5486.75	-5574.16748046875	187500	187500	187500	187500
304	187500	187500	5485.20751953125	-5567.5068359375	187500	187500	187500	187500
305	187500	187500	5493.65625	-5547.52392578125	187500	187500	187500	187500
306	187500	187500	5501.79248046875	-5546.00439453125	187500	187500	187500	187500
307	187500	187500	5495.9365234375	-5566.38916015625	187500	187500	187500	187500
308	187500	187500	5486.03466796875	-5571.708984375	187500	187500	187500	187500
309	187500	187500	5480.2900390625	-5560.9130859375	187500	187500	187500	187500
310	187500	187500	5491.734375	-5549.40185546875	187500	187500	187500	187500
311	187500	187500	5491.77880859375	-5562.36572265625	187500	187500	187500	187500
312	187500	187500	5484.17919921875	-5571.97705078125	187500	187500	187500	187500
313	187500	187500	5478.904296875	-5561.38232421875	187500	187500	187500	187500
314	187500	187500	5490.728515625	-5543.92529296875	187500	187500	187500	187500
315	187500	187500	5488.91796875	-5556.80029296875	187500	187500	187500	187500
316	187500	187500	5480.669921875	-5565.20458984375	187500	187500	187500	187500
317	187500	187500	5486.705078125	-5543.81396484375	187500	187500	187500	187500
318	187500	187500	5493.63427734375	-5533.8671875	187500	187500	187500	187500
319	187500	187500	5490.01318359375	-5551.74853515625	187500	187500	187500	187500
320	187500	187500	5479.4853515625	-5567.4619140625	187500	187500	187500	187500
321	187500	187500	5476.3115234375	-5557.80615234375	187500	187500	187500	187500
322	187500	187500	5487.2861328125	-5541.4892578125	187500	187500	187500	187500
323	187500	187500	5495.64599609375	-5550.0498046875	187500	187500	187500	187500
324	187500	187500	5480.87109375	-5572.4462890625	187500	187500	187500	187500
325	187500	187500	5469.98583984375	-5570.0322265625	187500	187500	187500	187500
326	187500	187500	5478.05517578125	-5551.52490234375	187500	187500	187500	187500
327	187500	187500	5477.02685546875	-5563.39404296875	187500	187500	187500	187500
328	187500	187500	5475.529296875	-5577.0283203125	187500	187500	187500	187500
329	187500	187500	5475.685546875	-5563.416015625	187500	187500	187500	187500
330	187500	187500	5474.5009765625	-5544.59619140625	187500	187500	187500	187500
331	187500	187500	5478.77001953125	-5542.40576171875	187500	187500	187500	187500
332	187500	187500	5470.947265625	-5566.18798828125	187500	187500	187500	187500
333	187500	187500	5450.115234375	-5582.4599609375	187500	187500	187500	187500
334	187500	187500	5448.61767578125	-5568.69140625	187500	187500	187500	187500
335	187500	187500	5457.24560546875	-5565.38330078125	187500	187500	187500	187500
336	187500	187500	5459.41357421875	-5577.34130859375	187500	187500	187500	187500
337	187500	187500	5447.142578125	-5589.8583984375	187500	187500	187500	187500
338	187500	187500	5449.712890625	-5575.32958984375	187500	187500	187500	187500
339	187500	187500	5477.16064453125	-5561.53857421875	187500	187500	187500	187500
340	187500	187500	5479.91015625	-5581.431640625	187500	187500	187500	187500
341	187500	187500	5462.7216796875	-5591.98193359375	187500	187500	187500	187500
342	187500	187500	5457.3125	-5579.91162109375	187500	187500	187500	187500
343	187500	187500	5457.06640625	-5575.84375	187500	187500	187500	187500
344	187500	187500	5460.37451171875	-5590.6630859375	187500	187500	187500	187500
345	187500	187500	5465.068359375	-5596.072265625	187500	187500	187500	187500
346	187500	187500	5469.1591796875	-5581.2978515625	187500	187500	187500	187500
347	187500	187500	5474.322265625	-5570.54638671875	187500	187500	187500	187500
348	187500	187500	5473.0703125	-5583.0185546875	187500	187500	187500	187500
349	187500	187500	5460.06201171875	-5607.650390625	187500	187500	187500	187500
350	187500	187500	5457.669921875	-5600.005859375	187500	187500	187500	187500
351	187500	187500	5461.939453125	-5582.4375	187500	187500	187500	187500
352	187500	187500	5464.39794921875	-5590.52880859375	187500	187500	187500	187500
353	187500	187500	5458.2734375	-5603.15771484375	187500	187500	187500	187500
354	187500	187500	5442.04638671875	-5605.0576171875	187500	187500	187500	187500
355	187500	187500	5436.5703125	-5602.50927734375	187500	187500	187500	187500
356	187500	187500	5440.6826171875	-5609.5947265625	187500	187500	187500	187500
357	187500	187500	5430.3115234375	-5636.93115234375	187500	187500	187500	187500
358	187500	187500	5411.759765625	-5651.70556640625	187500	187500	187500	187500
359	187500	187500	5410.1279296875	-5642.18359375	187500	187500	187500	187500
360	187500	187500	5420.767578125	-5633.77978515625	187500	187500	187500	187500
361	187500	187500	5416.498046875	-5651.72802734375	187500	187500	187500	187500
362	187500	187500	5404.00341796875	-5665.9658203125	187500	187500	187500	187500
363	187500	187500	5401.5224609375	-5653.13623046875	187500	187500	187500	187500
364	187500	187500	5401.47802734375	-5649.671875	187500	187500	187500	187500
365	187500	187500	5391.7099609375	-5674.6162109375	187500	187500	187500	187500
366	187500	187500	5385.9658203125	-5695.42578125	187500	187500	187500	187500
367	187500	187500	5388.46923828125	-5676.91845703125	187500	187500	187500	187500
368	187500	187500	5386.63623046875	-5664.49072265625	187500	187500	187500	187500
369	187500	187500	5377.27099609375	-5684.09326171875	187500	187500	187500	187500
370	187500	187500	5362.541015625	-5706.154296875	187500	187500	187500	187500
371	187500	187500	5358.07080078125	-5695.26904296875	187500	187500	187500	187500
372	187500	187500	5362.2060546875	-5680.1591796875	187500	187500	187500	187500
373	187500	187500	5364.10595703125	-5693.30224609375	187500	187500	187500	187500
374	187500	187500	5358.67431640625	-5710.73681640625	187500	187500	187500	187500
375	187500	187500	5347.09619140625	-5712.47998046875	187500	187500	187500	187500
376	187500	187500	5341.88818359375	-5707.67431640625	187500	187500	187500	187500
377	187500	187500	5349.0185546875	-5712.14453125	187500	187500	187500	187500
378	187500	187500	5336.3896484375	-5740.822265625	187500	187500	187500	187500
379	187500	187500	5332.07568359375	-5748.779296875	187500	187500	187500	187500
380	187500	187500	5347.5205078125	-5725.98046875	187500	187500	187500	187500
381	187500	187500	5354.11474609375	-5719.6328125	187500	187500	187500	187500
382	187500	187500	5334.89208984375	-5750.2099609375	187500	187500	187500	187500
383	187500	187500	5307.93603515625	-5774.1259765625	187500	187500	187500	187500
384	187500	187500	5332.32177734375	-5745.9404296875	187500	187500	187500	187500
385	187500	187500	5347.11865234375	-5738.69873046875	187500	187500	187500	187500
386	187500	187500	5353.71240234375	-5750.74609375	187500	187500	187500	187500
387	187500	187500	5346.3359375	-5761.67626953125	187500	187500	187500	187500
388	187500	187500	5335.67431640625	-5752.10986328125	187500	187500	187500	187500
389	187500	187500	5333.595703125	-5747.7958984375	187500	187500	187500	187500
390	187500	187500	5315.11083984375	-5780.138671875	187500	187500	187500	187500
391	187500	187500	5302.92919921875	-5796.29931640625	187500	187500	187500	187500
392	187500	187500	5312.07080078125	-5775.9365234375	187500	187500	187500	187500
393	187500	187500	5326.91259765625	-5762.27978515625	187500	187500	187500	187500
394	187500	187500	5315.826171875	-5789.146484375	187500	187500	187500	187500
395	187500	187500	5291.10498046875	-5820.349609375	187500	187500	187500	187500
396	187500	187500	5276.48681640625	-5820.908203125	187500	187500	187500	187500
397	187500	187500	5289.67431640625	-5801.7529296875	187500	187500	187500	187500
398	187500	187500	5326.2197265625	-5776.3388671875	187500	187500	187500	187500
399	187500	187500	5324.2080078125	-5773.5673828125	187500	187500	187500	187500
400	187500	187500	5323.85009765625	-5762.01171875	187500	187500	187500	187500
401	187500	187500	5334.3779296875	-5750.34375	187500	187500	187500	187500
402	187500	187500	5336.83642578125	-5764.7158203125	187500	187500	187500	187500
403	187500	187500	5331.986328125	-5794.82373046875	187500	187500	187500	187500
404	187500	187500	5324.52099609375	-5800.85888671875	187500	187500	187500	187500
405	187500	187500	5311.10986328125	-5793.9296875	187500	187500	187500	187500
406	187500	187500	5314.90966796875	-5795.27099609375	187500	187500	187500	187500
407	187500	187500	5316.92138671875	-5816.01318359375	187500	187500	187500	187500
408	187500	187500	5305.208984375	-5832.53125	187500	187500	187500	187500
409	187500	187500	5293.02734375	-5829.9384765625	187500	187500	187500	187500
410	187500	187500	5324.9453125	-5815.9013671875	187500	187500	187500	187500
411	187500	187500	5343.05029296875	-5815.4990234375	187500	187500	187500	187500
412	187500	187500	5334.66845703125	-5830.5419921875	187500	187500	187500	187500
413	187500	187500	5321.97265625	-5825.46826171875	187500	187500	187500	187500
414	187500	187500	5318.73193359375	-5819.701171875	187500	187500	187500	187500
415	187500	187500	5297.14013671875	-5849.8759765625	187500	187500	187500	187500
416	187500	187500	5261.06396484375	-5902.0673828125	187500	187500	187500	187500
417	187500	187500	5238.13134765625	-5913.6455078125	187500	187500	187500	187500
418	187500	187500	5216.47265625	-5918.42919921875	187500	187500	187500	187500
419	187500	187500	5191.259765625	-5941.6748046875	187500	187500	187500	187500
420	187500	187500	5159.18505859375	-5958.57275390625	187500	187500	187500	187500
421	187500	187500	5117.0966796875	-5981.6396484375	187500	187500	187500	187500
422	187500	187500	5131.13330078125	-5952.53759765625	187500	187500	187500	187500
423	187500	187500	5163.07421875	-5926.58740234375	187500	187500	187500	187500
424	187500	187500	5164.0576171875	-5923.078125	187500	187500	187500	187500
425	187500	187500	5162.0908203125	-5910.0693359375	187500	187500	187500	187500
426	187500	187500	5175.658203125	-5874.82080078125	187500	187500	187500	187500
427	187500	187500	5196.6689453125	-5869.2998046875	187500	187500	187500	187500
428	187500	187500	5200.11083984375	-5888.36572265625	187500	187500	187500	187500
429	187500	187500	5220.16064453125	-5867.42236328125	187500	187500	187500	187500
430	187500	187500	5231.56005859375	-5840.77880859375	187500	187500	187500	187500
431	187500	187500	5231.58203125	-5854.32421875	187500	187500	187500	187500
432	187500	187500	5236.1865234375	-5860.2919921875	187500	187500	187500	187500
433	187500	187500	5226.93310546875	-5853.1396484375	187500	187500	187500	187500
434	187500	187500	5224.36279296875	-5855.083984375	187500	187500	187500	187500
435	187500	187500	5271.63671875	-5818.47216796875	187500	187500	187500	187500
436	187500	187500	5313.568359375	-5780.5185546875	187500	187500	187500	187500
437	187500	187500	5316.787109375	-5759.955078125	187500	187500	187500	187500
438	187500	187500	5325.6162109375	-5732.7529296875	187500	187500	187500	187500
439	187500	187500	5327.29248046875	-5721.91259765625	187500	187500	187500	187500
440	187500	187500	5331.69580078125	-5722.06884765625	187500	187500	187500	187500
441	187500	187500	5332.03076171875	-5720.12451171875	187500	187500	187500	187500
442	187500	187500	5345.71044921875	-5690.30712890625	187500	187500	187500	187500
443	187500	187500	5371.66064453125	-5652.2197265625	187500	187500	187500	187500
444	187500	187500	5356.08154296875	-5674.4150390625	187500	187500	187500	187500
445	187500	187500	5348.45947265625	-5692.5869140625	187500	187500	187500	187500
446	187500	187500	5362.33984375	-5677.94677734375	187500	187500	187500	187500
447	187500	187500	5382.09912109375	-5635.50048828125	187500	187500	187500	187500
448	187500	187500	5379.9306640625	-5627.36474609375	187500	187500	187500	187500
449	187500	187500	5364.3291015625	-5640.015625	187500	187500	187500	187500
450	187500	187500	5349.7783203125	-5630.3818359375	187500	187500	187500	187500
451	187500	187500	5353.22021484375	-5612.2548828125	187500	187500	187500	187500
452	187500	187500	5363.9267578125	-5611.2041015625	187500	187500	187500	187500
453	187500	187500	5349.28662109375	-5632.662109375	187500	187500	187500	187500
454	187500	187500	5333.48388671875	-5634.53955078125	187500	187500	187500	187500
455	187500	187500	5331.67333984375	-5615.76416015625	187500	187500	187500	187500
456	187500	187500	5329.50537109375	-5617.1943359375	187500	187500	187500	187500
457	187500	187500	5325.4150390625	-5621.93310546875	187500	187500	187500	187500
458	187500	187500	5306.46044921875	-5619.0498046875	187500	187500	187500	187500
459	187500	187500	5287.10400390625	-5617.865234375	187500	187500	187500	187500
460	187500	187500	5295.1728515625	-5608.54443359375	187500	187500	187500	187500
461	187500	187500	5338.9375	-5577.36376953125	187500	187500	187500	187500
462	187500	187500	5333.595703125	-5592.048828125	187500	187500	187500	187500
463	187500	187500	5304.49365234375	-5619.11669921875	187500	187500	187500	187500
464	187500	187500	5293.2060546875	-5633.10888671875	187500	187500	187500	187500
465	187500	187500	5292.9599609375	-5650.09619140625	187500	187500	187500	187500
466	187500	187500	5295.12841796875	-5654.6337890625	187500	187500	187500	187500
467	187500	187500	5304.60546875	-5642.98828125	187500	187500	187500	187500
468	187500	187500	5310.23828125	-5653.8515625	187500	187500	187500	187500
469	187500	187500	5317.2119140625	-5683.31103515625	187500	187500	187500	187500
470	187500	187500	5279.88427734375	-5723.1416015625	187500	187500	187500	187500
471	187500	187500	5273.5810546875	-5721.91259765625	187500	187500	187500	187500
472	187500	187500	5283.37109375	-5705.751953125	187500	187500	187500	187500
473	187500	187500	5278.11865234375	-5729.86962890625	187500	187500	187500	187500
474	187500	187500	5249.73193359375	-5762.97265625	187500	187500	187500	187500
475	187500	187500	5247.2509765625	-5768.85107421875	187500	187500	187500	187500
476	187500	187500	5249.28466796875	-5753.42822265625	187500	187500	187500	187500
477	187500	187500	5236.92431640625	-5767.01806640625	187500	187500	187500	187500
478	187500	187500	5198.92626953125	-5789.63818359375	187500	187500	187500	187500
479	187500	187500	5163.99072265625	-5773.50048828125	187500	187500	187500	187500
480	187500	187500	5152.30078125	-5748.623046875	187500	187500	187500	187500
481	187500	187500	5135.78271484375	-5756.66943359375	187500	187500	187500	187500
482	187500	187500	5091.0791015625	-5803.3173828125	187500	187500	187500	187500
483	187500	187500	5051.42724609375	-5833.60400390625	187500	187500	187500	187500
484	187500	187500	5030.103515625	-5832.06201171875	187500	187500	187500	187500
485	187500	187500	5038.23974609375	-5827.1220703125	187500	187500	187500	187500
486	187500	187500	5029.99169921875	-5852.15625	187500	187500	187500	187500
487	187500	187500	5004.5107421875	-5886.533203125	187500	187500	187500	187500
488	187500	187500	5010.47900390625	-5883.60498046875	187500	187500	187500	187500
489	187500	187500	5044.2744140625	-5878.9560546875	187500	187500	187500	187500
490	187500	187500	5050.33203125	-5908.326171875	187500	187500	187500	187500
491	187500	187500	5042.64306640625	-5944.2451171875	187500	187500	187500	187500
492	187500	187500	5066.8720703125	-5938.16552734375	187500	187500	187500	187500
493	187500	187500	5102.54541015625	-5916.55126953125	187500	187500	187500	187500
494	187500	187500	5106.45703125	-5925.22412109375	187500	187500	187500	187500
495	187500	187500	5091.8837890625	-5937.74072265625	187500	187500	187500	187500
496	187500	187500	5111.79931640625	-5903.63232421875	187500	187500	187500	187500
497	187500	187500	5136.05078125	-5882.1298828125	187500	187500	187500	187500
498	187500	187500	5151.60791015625	-5884.18603515625	187500	187500	187500	187500
499	187500	187500	5155.74267578125	-5901.888671875	187500	187500	187500	187500
500	187500	187500	5159.85546875	-5907.40966796875	187500	187500	187500	187500
501	187500	187500	5185.6044921875	-5881.99560546875	187500	187500	187500	187500
502	187500	187500	5219.75830078125	-5865.61181640625	187500	187500	187500	187500
503	187500	187500	5235.2705078125	-5868.3388671875	187500	187500	187500	187500
504	187500	187500	5271.0107421875	-5839.482421875	187500	187500	187500	187500
505	187500	187500	5313.7470703125	-5790.26416015625	187500	187500	187500	187500
506	187500	187500	5333.88623046875	-5762.369140625	187500	187500	187500	187500
507	187500	187500	5336.43408203125	-5765.67724609375	187500	187500	187500	187500
508	187500	187500	5337.1943359375	-5755.06005859375	187500	187500	187500	187500
509	187500	187500	5345.375	-5727.947265625	187500	187500	187500	187500
510	187500	187500	5376.98046875	-5692.65380859375	187500	187500	187500	187500
511	187500	187500	5392.64892578125	-5678.3935546875	187500	187500	187500	187500
512	187500	187500	5395.5771484375	-5667.9775390625	187500	187500	187500	187500
513	187500	187500	5419.1806640625	-5622.38037109375	187500	187500	187500	187500
514	187500	187500	5446.02490234375	-5588.6962890625	187500	187500	187500	187500
515	187500	187500	5466.99072265625	-5580.470703125	187500	187500	187500	187500
516	187500	187500	5474.63525390625	-5564.064453125	187500	187500	187500	187500
517	187500	187500	5485.744140625	-5528.34619140625	187500	187500	187500	187500
518	187500	187500	5518.869140625	-5503.37939453125	187500	187500	187500	187500
519	187500	187500	5527.720703125	-5518.93603515625	187500	187500	187500	187500
520	187500	187500	5522.3115234375	-5533.33056640625	187500	187500	187500	187500
521	187500	187500	5524.2783203125	-5525.35107421875	187500	187500	187500	187500
522	187500	187500	5541.80224609375	-5511.5380859375	187500	187500	187500	187500
523	187500	187500	5570.97119140625	-5501.36767578125	187500	187500	187500	187500
524	187500	187500	5553.8271484375	-5519.0703125	187500	187500	187500	187500
525	187500	187500	5534.6943359375	-5529.5087890625	187500	187500	187500	187500
526	187500	187500	5547.859375	-5512.16357421875	187500	187500	187500	187500
527	187500	187500	5565.71826171875	-5510.04052734375	187500	187500	187500	187500
528	187500	187500	5555.4365234375	-5537.53271484375	187500	187500	187500	187500
529	187500	187500	5554.251953125	-5535.74462890625	187500	187500	187500	187500
530	187500	187500	5574.54736328125	-5512.8564453125	187500	187500	187500	187500
531	187500	187500	5582.95166015625	-5508.8779296875	187500	187500	187500	187500
532	187500	187500	5575.240234375	-5528.123046875	187500	187500	187500	187500
533	187500	187500	5569.25	-5533.57666015625	187500	187500	187500	187500
534	187500	187500	5585.0751953125	-5511.00146484375	187500	187500	187500	187500
535	187500	187500	5604.2080078125	-5495.15380859375	187500	187500	187500	187500
536	187500	187500	5603.96240234375	-5508.22998046875	187500	187500	187500	187500
537	187500	187500	5600.89990234375	-5511.5380859375	187500	187500	187500	187500
538	187500	187500	5605.68359375	-5485.76611328125	187500	187500	187500	187500
539	187500	187500	5613.50634765625	-5457.4912109375	187500	187500	187500	187500
540	187500	187500	5610.8466796875	-5449.37744140625	187500	187500	187500	187500
541	187500	187500	5592.607421875	-5441.84521484375	187500	187500	187500	187500
542	187500	187500	5590.037109375	-5404.07080078125	187500	187500	187500	187500
543	187500	187500	5604.56591796875	-5362.384765625	187500	187500	187500	187500
544	187500	187500	5609.0810546875	-5367.771484375	187500	187500	187500	187500
545	187500	187500	5595.625	-5383.28369140625	187500	187500	187500	187500
546	187500	187500	5581.78955078125	-5352.08056640625	187500	187500	187500	187500
547	187500	187500	5583.2421875	-5314.84228515625	187500	187500	187500	187500
548	187500	187500	5604.34228515625	-5307.68994140625	187500	187500	187500	187500
549	187500	187500	5608.8125	-5342.46923828125	187500	187500	187500	187500
550	187500	187500	5602.2412109375	-5373.04638671875	187500	187500	187500	187500
551	187500	187500	5610.1982421875	-5388.759765625	187500	187500	187500	187500
552	187500	187500	5620.50244140625	-5421.728515625	187500	187500	187500	187500
553	187500	187500	5615.8310546875	-5473.0703125	187500	187500	187500	187500
554	187500	187500	5624.50341796875	-5504.474609375	187500	187500	187500	187500
555	187500	187500	5647.2353515625	-5512.119140625	187500	187500	187500	187500
556	187500	187500	5642.96630859375	-5537.890625	187500	187500	187500	187500
557	187500	187500	5612.92529296875	-5597.0107421875	187500	187500	187500	187500
558	187500	187500	5578.705078125	-5645.15673828125	187500	187500	187500	187500
559	187500	187500	5574.837890625	-5653.0244140625	187500	187500	187500	187500
560	187500	187500	5563.259765625	-5673.8564453125	187500	187500	187500	187500
561	187500	187500	5542.00341796875	-5719.85595703125	187500	187500	187500	187500
562	187500	187500	5518.55615234375	-5746.05224609375	187500	187500	187500	187500
563	187500	187500	5495.712890625	-5737.06689453125	187500	187500	187500	187500
564	187500	187500	5487.42041015625	-5727.07568359375	187500	187500	187500	187500
565	187500	187500	5481.7431640625	-5743.9736328125	187500	187500	187500	187500
566	187500	187500	5474.97021484375	-5760.42431640625	187500	187500	187500	187500
567	187500	187500	5466.0966796875	-5746.05224609375	187500	187500	187500	187500
568	187500	187500	5460.9560546875	-5727.791015625	187500	187500	187500	187500
569	187500	187500	5450.9423828125	-5736.44091796875	187500	187500	187500	187500
570	187500	187500	5438.24658203125	-5743.7724609375	187500	187500	187500	187500
571	187500	187500	5445.0859375	-5713.48583984375	187500	187500	187500	187500
572	187500	187500	5457.8935546875	-5672.13525390625	187500	187500	187500	187500
573	187500	187500	5458.921875	-5652.53271484375	187500	187500	187500	187500
574	187500	187500	5446.5166015625	-5642.89892578125	187500	187500	187500	187500
575	187500	187500	5429.21630859375	-5608.70068359375	187500	187500	187500	187500
576	187500	187500	5425.908203125	-5554.296875	187500	187500	187500	187500
577	187500	187500	5433.06103515625	-5520.63525390625	187500	187500	187500	187500
578	187500	187500	5435.18408203125	-5501.255859375	187500	187500	187500	187500
579	187500	187500	5424.5673828125	-5481.1396484375	187500	187500	187500	187500
580	187500	187500	5427.47314453125	-5449.26611328125	187500	187500	187500	187500
581	187500	187500	5440.01220703125	-5435.02783203125	187500	187500	187500	187500
582	187500	187500	5440.43701171875	-5456.4853515625	187500	187500	187500	187500
583	187500	187500	5430.42333984375	-5487.21923828125	187500	187500	187500	187500
584	187500	187500	5430.1328125	-5507.15673828125	187500	187500	187500	187500
585	187500	187500	5449.109375	-5532.0341796875	187500	187500	187500	187500
586	187500	187500	5453.1103515625	-5578.0341796875	187500	187500	187500	187500
587	187500	187500	5451.724609375	-5610.220703125	187500	187500	187500	187500
588	187500	187500	5429.19384765625	-5640.50732421875	187500	187500	187500	187500
589	187500	187500	5416.81103515625	-5674.68310546875	187500	187500	187500	187500
590	187500	187500	5415.1796875	-5703.87451171875	187500	187500	187500	187500
591	187500	187500	5411.7822265625	-5733.46826171875	187500	187500	187500	187500
592	187500	187500	5403.7578125	-5748.08642578125	187500	187500	187500	187500
593	187500	187500	5399.08642578125	-5755.73046875	187500	187500	187500	187500
594	187500	187500	5405.7919921875	-5761.162109375	187500	187500	187500	187500
595	187500	187500	5395.107421875	-5775.28857421875	187500	187500	187500	187500
596	187500	187500	5380.3330078125	-5772.04736328125	187500	187500	187500	187500
597	187500	187500	5381.71875	-5756.37890625	187500	187500	187500	187500
598	187500	187500	5380.9140625	-5758.25634765625	187500	187500	187500	187500
599	187500	187500	5369.7607421875	-5774.55078125	187500	187500	187500	187500
600	187500	187500	5370.65478515625	-5772.27099609375	187500	187500	187500	187500
601	187500	187500	5387.61962890625	-5761.3408203125	187500	187500	187500	187500
602	187500	187500	5385.1611328125	-5760.24560546875	187500	187500	187500	187500
603	187500	187500	5356.5283203125	-5774.08154296875	187500	187500	187500	187500
604	187500	187500	5339.09423828125	-5767.66650390625	187500	187500	187500	187500
605	187500	187500	5345.1513671875	-5739.7939453125	187500	187500	187500	187500
606	187500	187500	5336.47900390625	-5724.3935546875	187500	187500	187500	187500
607	187500	187500	5312.47314453125	-5733.31201171875	187500	187500	187500	187500
608	187500	187500	5297.34130859375	-5728.10400390625	187500	187500	187500	187500
609	187500	187500	5300.89501953125	-5703.3603515625	187500	187500	187500	187500
610	187500	187500	5321.63720703125	-5679.4443359375	187500	187500	187500	187500
611	187500	187500	5319.13427734375	-5680.06982421875	187500	187500	187500	187500
612	187500	187500	5290.90380859375	-5679.26513671875	187500	187500	187500	187500
613	187500	187500	5279.10205078125	-5659.88623046875	187500	187500	187500	187500
614	187500	187500	5288.7578125	-5645.849609375	187500	187500	187500	187500
615	187500	187500	5292.021484375	-5663.52978515625	187500	187500	187500	187500
616	187500	187500	5279.66064453125	-5685.45654296875	187500	187500	187500	187500
617	187500	187500	5283.72900390625	-5678.08056640625	187500	187500	187500	187500
618	187500	187500	5291.68603515625	-5679.3994140625	187500	187500	187500	187500
619	187500	187500	5290.88134765625	-5713.64208984375	187500	187500	187500	187500
620	187500	187500	5289.16015625	-5744.3759765625	187500	187500	187500	187500
621	187500	187500	5298.3916015625	-5738.11767578125	187500	187500	187500	187500
622	187500	187500	5308.24853515625	-5725.82421875	187500	187500	187500	187500
623	187500	187500	5313.412109375	-5745.49365234375	187500	187500	187500	187500
624	187500	187500	5304.64990234375	-5769.96875	187500	187500	187500	187500
625	187500	187500	5293.07177734375	-5777.61279296875	187500	187500	187500	187500
626	187500	187500	5300.13525390625	-5770.41552734375	187500	187500	187500	187500
627	187500	187500	5309.544921875	-5776.49560546875	187500	187500	187500	187500
628	187500	187500	5302.34765625	-5803.60791015625	187500	187500	187500	187500
629	187500	187500	5297.810546875	-5817.01904296875	187500	187500	187500	187500
630	187500	187500	5310.70751953125	-5808.03369140625	187500	187500	187500	187500
631	187500	187500	5327.60546875	-5805.06103515625	187500	187500	187500	187500
632	187500	187500	5325.2138671875	-5819.9697265625	187500	187500	187500	187500
633	187500	187500	5317.0107421875	-5827.18896484375	187500	187500	187500	187500
634	187500	187500	5315.33447265625	-5809.68798828125	187500	187500	187500	187500
635	187500	187500	5326.7333984375	-5791.359375	187500	187500	187500	187500
636	187500	187500	5329.416015625	-5795.181640625	187500	187500	187500	187500
637	187500	187500	5322.375	-5789.41455078125	187500	187500	187500	187500
638	187500	187500	5325.6162109375	-5757.22802734375	187500	187500	187500	187500
639	187500	187500	5332.74609375	-5736.06103515625	187500	187500	187500	187500
640	187500	187500	5336.23291015625	-5727.70166015625	187500	187500	187500	187500
641	187500	187500	5330.46630859375	-5721.26416015625	187500	187500	187500	187500
642	187500	187500	5327.24755859375	-5696.2080078125	187500	187500	187500	187500
643	187500	187500	5339.1611328125	-5660.1767578125	187500	187500	187500	187500
644	187500	187500	5346.6044921875	-5653.91845703125	187500	187500	187500	187500
645	187500	187500	5338.580078125	-5660.8251953125	187500	187500	187500	187500
646	187500	187500	5330.31005859375	-5644.08349609375	187500	187500	187500	187500
647	187500	187500	5348.23583984375	-5614.2216796875	187500	187500	187500	187500
648	187500	187500	5370.9677734375	-5607.650390625	187500	187500	187500	187500
649	187500	187500	5368.7548828125	-5617.6416015625	187500	187500	187500	187500
650	187500	187500	5364.1279296875	-5615.69677734375	187500	187500	187500	187500
651	187500	187500	5379.26025390625	-5596.2509765625	187500	187500	187500	187500
652	187500	187500	5390.5703125	-5587.4892578125	187500	187500	187500	187500
653	187500	187500	5386.79296875	-5597.59228515625	187500	187500	187500	187500
654	187500	187500	5381.80810546875	-5599.201171875	187500	187500	187500	187500
655	187500	187500	5388.20068359375	-5593.90380859375	187500	187500	187500	187500
656	187500	187500	5394.75	-5611.0703125	187500	187500	187500	187500
657	187500	187500	5396.7392578125	-5643.72607421875	187500	187500	187500	187500
658	187500	187500	5404.40576171875	-5645.0673828125	187500	187500	187500	187500
659	187500	187500	5416.9453125	-5622.49169921875	187500	187500	187500	187500
660	187500	187500	5434.6923828125	-5612.232421875	187500	187500	187500	187500
661	187500	187500	5431.67529296875	-5636.30517578125	187500	187500	187500	187500
662	187500	187500	5427.85302734375	-5653.9853515625	187500	187500	187500	187500
663	187500	187500	5438.3583984375	-5641.33447265625	187500	187500	187500	187500
664	187500	187500	5454.5634765625	-5622.40234375	187500	187500	187500	187500
665	187500	187500	5463.86181640625	-5623.4755859375	187500	187500	187500	187500
666	187500	187500	5464.17431640625	-5622.76025390625	187500	187500	187500	187500
667	187500	187500	5467.16943359375	-5613.0595703125	187500	187500	187500	187500
668	187500	187500	5491.24267578125	-5595.4462890625	187500	187500	187500	187500
669	187500	187500	5496.47265625	-5604.74462890625	187500	187500	187500	187500
670	187500	187500	5485.9453125	-5615.0712890625	187500	187500	187500	187500
671	187500	187500	5485.98974609375	-5597.90478515625	187500	187500	187500	187500
672	187500	187500	5493.298828125	-5574.6591796875	187500	187500	187500	187500
673	187500	187500	5490.9072265625	-5578.8837890625	187500	187500	187500	187500
674	187500	187500	5471.70703125	-5608.4326171875	187500	187500	187500	187500
675	187500	187500	5457.916015625	-5621.1953125	187500	187500	187500	187500
676	187500	187500	5457.82666015625	-5617.015625	187500	187500	187500	187500
677	187500	187500	5458.4970703125	-5628.4150390625	187500	187500	187500	187500
678	187500	187500	5445.62255859375	-5650.185546875	187500	187500	187500	187500
679	187500	187500	5428.9482421875	-5647.88330078125	187500	187500	187500	187500
680	187500	187500	5427.517578125	-5621.0390625	187500	187500	187500	187500
681	187500	187500	5436.078125	-5605.0126953125	187500	187500	187500	187500
682	187500	187500	5427.87548828125	-5614.57958984375	187500	187500	187500	187500
683	187500	187500	5418.3759765625	-5616.009765625	187500	187500	187500	187500
684	187500	187500	5403.712890625	-5617.57470703125	187500	187500	187500	187500
685	187500	187500	5404.1826171875	-5617.52978515625	187500	187500	187500	187500
686	187500	187500	5410.21728515625	-5632.97509765625	187500	187500	187500	187500
687	187500	187500	5410.7763671875	-5639.74755859375	187500	187500	187500	187500
688	187500	187500	5399.9130859375	-5630.13623046875	187500	187500	187500	187500
689	187500	187500	5417.90625	-5625.0625	187500	187500	187500	187500
690	187500	187500	5425.19287109375	-5636.08154296875	187500	187500	187500	187500
691	187500	187500	5414.03955078125	-5644.68701171875	187500	187500	187500	187500
692	187500	187500	5408.9208984375	-5633.4443359375	187500	187500	187500	187500
693	187500	187500	5416.45361328125	-5618.8486328125	187500	187500	187500	187500
694	187500	187500	5417.3701171875	-5631.92431640625	187500	187500	187500	187500
695	187500	187500	5403.60107421875	-5652.35400390625	187500	187500	187500	187500
696	187500	187500	5389.318359375	-5640.8203125	187500	187500	187500	187500
697	187500	187500	5389.87744140625	-5622.71533203125	187500	187500	187500	187500
698	187500	187500	5397.00732421875	-5635.4560546875	187500	187500	187500	187500
699	187500	187500	5390.03369140625	-5665.4072265625	187500	187500	187500	187500
700	187500	187500	5385.63037109375	-5670.14599609375	187500	187500	187500	187500
701	187500	187500	5386.189453125	-5664.55810546875	187500	187500	187500	187500
702	187500	187500	5382.00927734375	-5676.046875	187500	187500	187500	187500
703	187500	187500	5371.90673828125	-5698.48779296875	187500	187500	187500	187500
704	187500	187500	5367.97265625	-5703.986328125	187500	187500	187500	187500
705	187500	187500	5368.26318359375	-5688.4296875	187500	187500	187500	187500
706	187500	187500	5372.62158203125	-5692.29638671875	187500	187500	187500	187500
707	187500	187500	5368.08447265625	-5732.12744140625	187500	187500	187500	187500
708	187500	187500	5362.89892578125	-5748.51123046875	187500	187500	187500	187500
709	187500	187500	5375.01318359375	-5722.1806640625	187500	187500	187500	187500
710	187500	187500	5380.42236328125	-5716.3916015625	187500	187500	187500	187500
711	187500	187500	5389.05029296875	-5732.9765625	187500	187500	187500	187500
712	187500	187500	5394.1689453125	-5738.27392578125	187500	187500	187500	187500
713	187500	187500	5378.388671875	-5717.9560546875	187500	187500	187500	187500
714	187500	187500	5382.3896484375	-5700.0078125	187500	187500	187500	187500
715	187500	187500	5392.69384765625	-5704.9921875	187500	187500	187500	187500
716	187500	187500	5381.40576171875	-5714.8271484375	187500	187500	187500	187500
717	187500	187500	5377.7626953125	-5702.7568359375	187500	187500	187500	187500
718	187500	187500	5394.7724609375	-5684.09326171875	187500	187500	187500	187500
719	187500	187500	5398.46044921875	-5685.09912109375	187500	187500	187500	187500
720	187500	187500	5384.1103515625	-5694.0400390625	187500	187500	187500	187500
721	187500	187500	5375.43798828125	-5689.3681640625	187500	187500	187500	187500
722	187500	187500	5383.1494140625	-5665.4521484375	187500	187500	187500	187500
723	187500	187500	5383.7978515625	-5665.09423828125	187500	187500	187500	187500
724	187500	187500	5372.7109375	-5680.13720703125	187500	187500	187500	187500
725	187500	187500	5369.1796875	-5668.11181640625	187500	187500	187500	187500
726	187500	187500	5381.45068359375	-5644.50830078125	187500	187500	187500	187500
727	187500	187500	5390.771484375	-5646.251953125	187500	187500	187500	187500
728	187500	187500	5389.83251953125	-5658.16552734375	187500	187500	187500	187500
729	187500	187500	5383.08251953125	-5663.462890625	187500	187500	187500	187500
730	187500	187500	5385.49658203125	-5651.34814453125	187500	187500	187500	187500
731	187500	187500	5391.06201171875	-5644.28466796875	187500	187500	187500	187500
732	187500	187500	5370.25244140625	-5670.8388671875	187500	187500	187500	187500
733	187500	187500	5348.1689453125	-5690.0390625	187500	187500	187500	187500
734	187500	187500	5348.794921875	-5679.4443359375	187500	187500	187500	187500
735	187500	187500	5376.08642578125	-5655.37109375	187500	187500	187500	187500
736	187500	187500	5389.9892578125	-5662.74755859375	187500	187500	187500	187500
737	187500	187500	5385.85400390625	-5676.359375	187500	187500	187500	187500
738	187500	187500	5379.998046875	-5675.041015625	187500	187500	187500	187500
739	187500	187500	5385.7197265625	-5668.69287109375	187500	187500	187500	187500
740	187500	187500	5382.81396484375	-5683.802734375	187500	187500	187500	187500
741	187500	187500	5384.26708984375	-5697.10205078125	187500	187500	187500	187500
742	187500	187500	5389.02783203125	-5688.7646484375	187500	187500	187500	187500
743	187500	187500	5394.34765625	-5668.51416015625	187500	187500	187500	187500
744	187500	187500	5379.64013671875	-5680.29345703125	187500	187500	187500	187500
745	187500	187500	5367.3466796875	-5703.47216796875	187500	187500	187500	187500
746	187500	187500	5359.76953125	-5700.07470703125	187500	187500	187500	187500
747	187500	187500	5358.1826171875	-5680.4501953125	187500	187500	187500	187500
748	187500	187500	5380.69091796875	-5663.86474609375	187500	187500	187500	187500
749	187500	187500	5390.07861328125	-5681.12060546875	187500	187500	187500	187500
750	187500	187500	5370.25244140625	-5705.88623046875	187500	187500	187500	187500
751	187500	187500	5369.67138671875	-5688.11669921875	187500	187500	187500	187500
752	187500	187500	5379.9755859375	-5686.46240234375	187500	187500	187500	187500
753	187500	187500	5376.28759765625	-5709.015625	187500	187500	187500	187500
754	187500	187500	5377.583984375	-5707.16015625	187500	187500	187500	187500
755	187500	187500	5394.794921875	-5682.796875	187500	187500	187500	187500
756	187500	187500	5402.84130859375	-5682.72998046875	187500	187500	187500	187500
757	187500	187500	5401.27685546875	-5707.45068359375	187500	187500	187500	187500
758	187500	187500	5393.87841796875	-5720.50439453125	187500	187500	187500	187500
759	187500	187500	5410.59716796875	-5699.85107421875	187500	187500	187500	187500
760	187500	187500	5428.05419921875	-5695.0458984375	187500	187500	187500	187500
761	187500	187500	5432.39013671875	-5714.9609375	187500	187500	187500	187500
762	187500	187500	5432.79248046875	-5720.45947265625	187500	187500	187500	187500
763	187500	187500	5451.45654296875	-5693.74951171875	187500	187500	187500	187500
764	187500	187500	5469.85205078125	-5679.3994140625	187500	187500	187500	187500
765	187500	187500	5478.56884765625	-5687.2451171875	187500	187500	187500	187500
766	187500	187500	5472.7353515625	-5698.68896484375	187500	187500	187500	187500
767	187500	187500	5466.99072265625	-5690.32958984375	187500	187500	187500	187500
768	187500	187500	5472.466796875	-5673.3642578125	187500	187500	187500	187500
769	187500	187500	5466.76708984375	-5690.06103515625	187500	187500	187500	187500
770	187500	187500	5444.52734375	-5721.7783203125	187500	187500	187500	187500
771	187500	187500	5431.3173828125	-5725.86865234375	187500	187500	187500	187500
772	187500	187500	5449.19873046875	-5697.4375	187500	187500	187500	187500
773	187500	187500	5472.62353515625	-5682.95361328125	187500	187500	187500	187500
774	187500	187500	5483.19580078125	-5686.171875	187500	187500	187500	187500
775	187500	187500	5481.63134765625	-5669.87744140625	187500	187500	187500	187500
776	187500	187500	5491.24267578125	-5639.50146484375	187500	187500	187500	187500
777	187500	187500	5500.8984375	-5634.2265625	187500	187500	187500	187500
778	187500	187500	5484.76025390625	-5656.86865234375	187500	187500	187500	187500
779	187500	187500	5477.02685546875	-5655.90771484375	187500	187500	187500	187500
780	187500	187500	5488.3369140625	-5629.93505859375	187500	187500	187500	187500
781	187500	187500	5504.20654296875	-5623.72119140625	187500	187500	187500	187500
782	187500	187500	5506.642578125	-5641.15576171875	187500	187500	187500	187500
783	187500	187500	5498.283203125	-5656.91357421875	187500	187500	187500	187500
784	187500	187500	5496.5400390625	-5649.8056640625	187500	187500	187500	187500
785	187500	187500	5510.8671875	-5638.6298828125	187500	187500	187500	187500
786	187500	187500	5515.00244140625	-5651.4599609375	187500	187500	187500	187500
787	187500	187500	5506.77685546875	-5661.3837890625	187500	187500	187500	187500
788	187500	187500	5501.7255859375	-5653.35986328125	187500	187500	187500	187500
789	187500	187500	5512.20849609375	-5647.861328125	187500	187500	187500	187500
790	187500	187500	5522.69140625	-5666.6142578125	187500	187500	187500	187500
791	187500	187500	5508.02880859375	-5693.88330078125	187500	187500	187500	187500
792	187500	187500	5497.880859375	-5692.7880859375	187500	187500	187500	187500
793	187500	187500	5501.18896484375	-5686.32861328125	187500	187500	187500	187500
794	187500	187500	5503.267578125	-5704.544921875	187500	187500	187500	187500
795	187500	187500	5500.0712890625	-5719.92333984375	187500	187500	187500	187500
796	187500	187500	5499.19970703125	-5707.96484375	187500	187500	187500	187500
797	187500	187500	5501.97119140625	-5688.11669921875	187500	187500	187500	187500
798	187500	187500	5505.5029296875	-5686.216796875	187500	187500	187500	187500
799	187500	187500	5512.2978515625	-5686.35107421875	187500	187500	187500	187500
800	187500	187500	5513.2587890625	-5674.3701171875	187500	187500	187500	187500
801	187500	187500	5518.17626953125	-5656.53369140625	187500	187500	187500	187500
802	187500	187500	5518.42236328125	-5658.03125	187500	187500	187500	187500
803	187500	187500	5508.54248046875	-5679.421875	187500	187500	187500	187500
804	187500	187500	5503.87109375	-5680.27099609375	187500	187500	187500	187500
805	187500	187500	5511.4931640625	-5657.2265625	187500	187500	187500	187500
806	187500	187500	5524.81494140625	-5641.11083984375	187500	187500	187500	187500
807	187500	187500	5522.75830078125	-5651.50439453125	187500	187500	187500	187500
808	187500	187500	5511.96240234375	-5654.47705078125	187500	187500	187500	187500
809	187500	187500	5514.82373046875	-5629.33154296875	187500	187500	187500	187500
810	187500	187500	5529.642578125	-5606.0185546875	187500	187500	187500	187500
811	187500	187500	5534.11328125	-5611.33837890625	187500	187500	187500	187500
812	187500	187500	5519.40576171875	-5627.96826171875	187500	187500	187500	187500
813	187500	187500	5509.2802734375	-5622.89404296875	187500	187500	187500	187500
814	187500	187500	5517.8408203125	-5603.18017578125	187500	187500	187500	187500
815	187500	187500	5527.8544921875	-5608.38818359375	187500	187500	187500	187500
816	187500	187500	5521.2607421875	-5625.75537109375	187500	187500	187500	187500
817	187500	187500	5511.18017578125	-5625.822265625	187500	187500	187500	187500
818	187500	187500	5516.38818359375	-5619.2509765625	187500	187500	187500	187500
819	187500	187500	5526.111328125	-5627.029296875	187500	187500	187500	187500
820	187500	187500	5519.62939453125	-5651.638671875	187500	187500	187500	187500
821	187500	187500	5511.314453125	-5661.74169921875	187500	187500	187500	187500
822	187500	187500	5521.8642578125	-5653.60546875	187500	187500	187500	187500
823	187500	187500	5530.7158203125	-5668.3798828125	187500	187500	187500	187500
824	187500	187500	5519.0927734375	-5702.3544921875	187500	187500	187500	187500
825	187500	187500	5511.80615234375	-5707.74169921875	187500	187500	187500	187500
826	187500	187500	5513.52734375	-5696.8115234375	187500	187500	187500	187500
827	187500	187500	5522.73583984375	-5695.7607421875	187500	187500	187500	187500
828	187500	187500	5516.58935546875	-5715.1845703125	187500	187500	187500	187500
829	187500	187500	5506.3076171875	-5721.5771484375	187500	187500	187500	187500
830	187500	187500	5509.4814453125	-5699.31494140625	187500	187500	187500	187500
831	187500	187500	5520.4560546875	-5689.27880859375	187500	187500	187500	187500
832	187500	187500	5521.439453125	-5705.998046875	187500	187500	187500	187500
833	187500	187500	5521.79736328125	-5702.98046875	187500	187500	187500	187500
834	187500	187500	5520.4560546875	-5691.7822265625	187500	187500	187500	187500
835	187500	187500	5514.01904296875	-5693.81640625	187500	187500	187500	187500
836	187500	187500	5516.36572265625	-5700.1640625	187500	187500	187500	187500
837	187500	187500	5511.35888671875	-5697.3701171875	187500	187500	187500	187500
838	187500	187500	5509.57080078125	-5673.1630859375	187500	187500	187500	187500
839	187500	187500	5522.98193359375	-5644.73193359375	187500	187500	187500	187500
840	187500	187500	5517.259765625	-5651.14697265625	187500	187500	187500	187500
841	187500	187500	5505.14501953125	-5656.376953125	187500	187500	187500	187500
842	187500	187500	5508.02880859375	-5631.52197265625	187500	187500	187500	187500
843	187500	187500	5519.58447265625	-5604.96826171875	187500	187500	187500	187500
844	187500	187500	5530.35791015625	-5600.76611328125	187500	187500	187500	187500
845	187500	187500	5532.1015625	-5601.70458984375	187500	187500	187500	187500
846	187500	187500	5519.74072265625	-5595.0888671875	187500	187500	187500	187500
847	187500	187500	5520.99267578125	-5570.255859375	187500	187500	187500	187500
848	187500	187500	5531.22998046875	-5565.4951171875	187500	187500	187500	187500
849	187500	187500	5521.41748046875	-5588.76318359375	187500	187500	187500	187500
850	187500	187500	5510.3310546875	-5589.72412109375	187500	187500	187500	187500
851	187500	187500	5513.884765625	-5574.837890625	187500	187500	187500	187500
852	187500	187500	5518.310546875	-5585.0751953125	187500	187500	187500	187500
853	187500	187500	5510.55419921875	-5613.32763671875	187500	187500	187500	187500
854	187500	187500	5509.83935546875	-5617.462890625	187500	187500	187500	187500
855	187500	187500	5517.8857421875	-5603.8056640625	187500	187500	187500	187500
856	187500	187500	5529.1064453125	-5602.62109375	187500	187500	187500	187500
857	187500	187500	5531.22998046875	-5625.0625	187500	187500	187500	187500
858	187500	187500	5520.4560546875	-5642.67529296875	187500	187500	187500	187500
859	187500	187500	5516.5	-5637.91455078125	187500	187500	187500	187500
860	187500	187500	5520.74658203125	-5640.93212890625	187500	187500	187500	187500
861	187500	187500	5520.92578125	-5663.90966796875	187500	187500	187500	187500
862	187500	187500	5513.34814453125	-5680.06982421875	187500	187500	187500	187500
863	187500	187500	5521.95361328125	-5665.74267578125	187500	187500	187500	187500
864	187500	187500	5536.34814453125	-5649.42578125	187500	187500	187500	187500
865	187500	187500	5537.62255859375	-5665.630859375	187500	187500	187500	187500
866	187500	187500	5525.8876953125	-5685.07666015625	187500	187500	187500	187500
867	187500	187500	5517.19287109375	-5676.404296875	187500	187500	187500	187500
868	187500	187500	5518.57861328125	-5660.84765625	187500	187500	187500	187500
869	187500	187500	5516.99169921875	-5672.69384765625	187500	187500	187500	187500
870	187500	187500	5507.1123046875	-5691.24609375	187500	187500	187500	187500
871	187500	187500	5492.9189453125	-5683.958984375	187500	187500	187500	187500
872	187500	187500	5498.39501953125	-5663.373046875	187500	187500	187500	187500
873	187500	187500	5512.0966796875	-5654.11962890625	187500	187500	187500	187500
874	187500	187500	5513.7060546875	-5659.32763671875	187500	187500	187500	187500
875	187500	187500	5502.39599609375	-5656.421875	187500	187500	187500	187500
876	187500	187500	5501.45703125	-5640.9990234375	187500	187500	187500	187500
877	187500	187500	5513.61669921875	-5631.11962890625	187500	187500	187500	187500
878	187500	187500	5508.16259765625	-5646.54248046875	187500	187500	187500	187500
879	187500	187500	5489.87890625	-5658.2099609375	187500	187500	187500	187500
880	187500	187500	5487.42041015625	-5643.27880859375	187500	187500	187500	187500
881	187500	187500	5492.6728515625	-5638.048828125	187500	187500	187500	187500
882	187500	187500	5482.8603515625	-5662.54638671875	187500	187500	187500	187500
883	187500	187500	5468.01904296875	-5684.5849609375	187500	187500	187500	187500
884	187500	187500	5466.0966796875	-5675.48779296875	187500	187500	187500	187500
885	187500	187500	5473.76318359375	-5667.1953125	187500	187500	187500	187500
886	187500	187500	5471.79638671875	-5686.30615234375	187500	187500	187500	187500
887	187500	187500	5454.45166015625	-5708.32275390625	187500	187500	187500	187500
888	187500	187500	5451.63525390625	-5701.52783203125	187500	187500	187500	187500
889	187500	187500	5461.78271484375	-5695.93994140625	187500	187500	187500	187500
890	187500	187500	5460.12890625	-5717.9560546875	187500	187500	187500	187500
891	187500	187500	5448.61767578125	-5746.27587890625	187500	187500	187500	187500
892	187500	187500	5450.24951171875	-5750.3662109375	187500	187500	187500	187500
893	187500	187500	5450.62939453125	-5749.22607421875	187500	187500	187500	187500
894	187500	187500	5451.79150390625	-5762.3916015625	187500	187500	187500	187500
895	187500	187500	5449.60107421875	-5779.84814453125	187500	187500	187500	187500
896	187500	187500	5436.7265625	-5780.87646484375	187500	187500	187500	187500
897	187500	187500	5446.00244140625	-5755.48486328125	187500	187500	187500	187500
898	187500	187500	5452.19384765625	-5750.0087890625	187500	187500	187500	187500
899	187500	187500	5441.26416015625	-5768.82861328125	187500	187500	187500	187500
900	187500	187500	5432.83740234375	-5764.783203125	187500	187500	187500	187500
901	187500	187500	5445.22021484375	-5731.65771484375	187500	187500	187500	187500
902	187500	187500	5458.02783203125	-5720.392578125	187500	187500	187500	187500
903	187500	187500	5458.60888671875	-5733.46826171875	187500	187500	187500	187500
904	187500	187500	5449.6904296875	-5740.91162109375	187500	187500	187500	187500
905	187500	187500	5457.04443359375	-5717.10693359375	187500	187500	187500	187500
906	187500	187500	5477.58544921875	-5695.31396484375	187500	187500	187500	187500
907	187500	187500	5481.2734375	-5703.71826171875	187500	187500	187500	187500
908	187500	187500	5476.60205078125	-5710.625	187500	187500	187500	187500
909	187500	187500	5474.1435546875	-5698.48779296875	187500	187500	187500	187500
910	187500	187500	5489.275390625	-5680.8076171875	187500	187500	187500	187500
911	187500	187500	5497.94775390625	-5684.853515625	187500	187500	187500	187500
912	187500	187500	5489.275390625	-5696.990234375	187500	187500	187500	187500
913	187500	187500	5488.04638671875	-5679.82421875	187500	187500	187500	187500
914	187500	187500	5501.03271484375	-5655.12548828125	187500	187500	187500	187500
915	187500	187500	5501.6806640625	-5664.96044921875	187500	187500	187500	187500
916	187500	187500	5494.23779296875	-5678.3935546875	187500	187500	187500	187500
917	187500	187500	5494.5283203125	-5670.14599609375	187500	187500	187500	187500
918	187500	187500	5501.4794921875	-5659.037109375	187500	187500	187500	187500
919	187500	187500	5512.43212890625	-5664.8037109375	187500	187500	187500	187500
920	187500	187500	5518.19873046875	-5674.5712890625	187500	187500	187500	187500
921	187500	187500	5516.09765625	-5673.0517578125	187500	187500	187500	187500
922	187500	187500	5526.73681640625	-5655.34912109375	187500	187500	187500	187500
923	187500	187500	5538.78466796875	-5655.86328125	187500	187500	187500	187500
924	187500	187500	5528.61474609375	-5680.4052734375	187500	187500	187500	187500
925	187500	187500	5514.57763671875	-5690.240234375	187500	187500	187500	187500
926	187500	187500	5523.0712890625	-5672.0009765625	187500	187500	187500	187500
927	187500	187500	5540.662109375	-5663.35107421875	187500	187500	187500	187500
928	187500	187500	5542.427734375	-5675.8232421875	187500	187500	187500	187500
929	187500	187500	5531.453125	-5684.5625	187500	187500	187500	187500
930	187500	187500	5527.8994140625	-5672.1796875	187500	187500	187500	187500
931	187500	187500	5540.17041015625	-5658.9921875	187500	187500	187500	187500
932	187500	187500	5540.32666015625	-5671.017578125	187500	187500	187500	187500
933	187500	187500	5534.0458984375	-5672.7607421875	187500	187500	187500	187500
934	187500	187500	5533.19677734375	-5653.806640625	187500	187500	187500	187500
935	187500	187500	5539.34326171875	-5645.849609375	187500	187500	187500	187500
936	187500	187500	5543.41162109375	-5662.568359375	187500	187500	187500	187500
937	187500	187500	5533.666015625	-5670.66015625	187500	187500	187500	187500
938	187500	187500	5530.8720703125	-5654.16455078125	187500	187500	187500	187500
939	187500	187500	5535.81201171875	-5643.0556640625	187500	187500	187500	187500
940	187500	187500	5532.458984375	-5655.32666015625	187500	187500	187500	187500
941	187500	187500	5524.99365234375	-5664.982421875	187500	187500	187500	187500
942	187500	187500	5520.54541015625	-5655.37109375	187500	187500	187500	187500
943	187500	187500	5527.474609375	-5637.28857421875	187500	187500	187500	187500
944	187500	187500	5540.6396484375	-5632.72900390625	187500	187500	187500	187500
945	187500	187500	5531.58740234375	-5648.33056640625	187500	187500	187500	187500
946	187500	187500	5521.19384765625	-5646.92236328125	187500	187500	187500	187500
947	187500	187500	5532.0341796875	-5621.70947265625	187500	187500	187500	187500
948	187500	187500	5539.38818359375	-5618.93798828125	187500	187500	187500	187500
949	187500	187500	5537.42138671875	-5637.33349609375	187500	187500	187500	187500
950	187500	187500	5534.8505859375	-5637.28857421875	187500	187500	187500	187500
951	187500	187500	5540.8408203125	-5621.0615234375	187500	187500	187500	187500
952	187500	187500	5549.6923828125	-5619.98828125	187500	187500	187500	187500
953	187500	187500	5540.86328125	-5646.1845703125	187500	187500	187500	187500
954	187500	187500	5529.79931640625	-5659.14892578125	187500	187500	187500	187500
955	187500	187500	5529.59814453125	-5648.419921875	187500	187500	187500	187500
956	187500	187500	5534.470703125	-5645.4697265625	187500	187500	187500	187500
957	187500	187500	5535.275390625	-5661.40625	187500	187500	187500	187500
958	187500	187500	5529.84375	-5671.2412109375	187500	187500	187500	187500
959	187500	187500	5533.2412109375	-5654.87939453125	187500	187500	187500	187500
960	187500	187500	5543.6572265625	-5639.14404296875	187500	187500	187500	187500
961	187500	187500	5547.56884765625	-5648.0400390625	187500	187500	187500	187500
962	187500	187500	5549.513671875	-5654.8125	187500	187500	187500	187500
963	187500	187500	5552.73193359375	-5641.55810546875	187500	187500	187500	187500
964	187500	187500	5562.701171875	-5623.453125	187500	187500	187500	187500
965	187500	187500	5569.4736328125	-5631.92431640625	187500	187500	187500	187500
966	187500	187500	5560.73388671875	-5646.14013671875	187500	187500	187500	187500
967	187500	187500	5559.236328125	-5633.75732421875	187500	187500	187500	187500
968	187500	187500	5573.4521484375	-5606.64453125	187500	187500	187500	187500
969	187500	187500	5577.34130859375	-5603.224609375	187500	187500	187500	187500
970	187500	187500	5557.96240234375	-5628.37060546875	187500	187500	187500	187500
971	187500	187500	5539.74560546875	-5635.92529296875	187500	187500	187500	187500
972	187500	187500	5550.16162109375	-5607.11376953125	187500	187500	187500	187500
973	187500	187500	5565.71826171875	-5589.8583984375	187500	187500	187500	187500
974	187500	187500	5563.70703125	-5599.4921875	187500	187500	187500	187500
975	187500	187500	5550.56396484375	-5599.53662109375	187500	187500	187500	187500
976	187500	187500	5546.7197265625	-5584.35986328125	187500	187500	187500	187500
977	187500	187500	5547.8818359375	-5584.11376953125	187500	187500	187500	187500
978	187500	187500	5540.505859375	-5604.34228515625	187500	187500	187500	187500
979	187500	187500	5533.75537109375	-5607.404296875	187500	187500	187500	187500
980	187500	187500	5541.9140625	-5587.2431640625	187500	187500	187500	187500
981	187500	187500	5548.95458984375	-5584.94091796875	187500	187500	187500	187500
982	187500	187500	5536.0576171875	-5619.76513671875	187500	187500	187500	187500
983	187500	187500	5522.57958984375	-5640.7978515625	187500	187500	187500	187500
984	187500	187500	5514.42138671875	-5632.2373046875	187500	187500	187500	187500
985	187500	187500	5519.20458984375	-5626.26953125	187500	187500	187500	187500
986	187500	187500	5520.2998046875	-5647.92822265625	187500	187500	187500	187500
987	187500	187500	5509.81689453125	-5669.49755859375	187500	187500	187500	187500
988	187500	187500	5506.4638671875	-5666.88232421875	187500	187500	187500	187500
989	187500	187500	5512.923828125	-5654.94677734375	187500	187500	187500	187500
990	187500	187500	5513.16943359375	-5666.3681640625	187500	187500	187500	187500
991	187500	187500	5496.76318359375	-5695.09033203125	187500	187500	187500	187500
992	187500	187500	5477.58544921875	-5703.78515625	187500	187500	187500	187500
993	187500	187500	5488.26953125	-5686.90966796875	187500	187500	187500	187500
994	187500	187500	5497.99267578125	-5691.91650390625	187500	187500	187500	187500
995	187500	187500	5484.64892578125	-5718.0009765625	187500	187500	187500	187500
996	187500	187500	5468.01904296875	-5723.87939453125	187500	187500	187500	187500
997	187500	187500	5465.22509765625	-5713.3740234375	187500	187500	187500	187500
998	187500	187500	5477.9208984375	-5713.0390625	187500	187500	187500	187500
999	187500	187500	5474.9033203125	-5730.7861328125	187500	187500	187500	187500
