250
9
Frame	CH1	CH2	CH3	CH4	CH5	CH6	CH7	CH8
0	187500	187500	6986.373046875	-4880.34716796875	187500	187500	187500	187500
1	187500	187500	6987.9150390625	-4875.27294921875	187500	187500	187500	187500
2	187500	187500	6958.3662109375	-4895.52392578125	187500	187500	187500	187500
3	187500	187500	6958.43310546875	-4890.1591796875	187500	187500	187500	187500
4	187500	187500	6979.533203125	-4869.0146484375	187500	187500	187500	187500
5	187500	187500	6986.9541015625	-4860.029296875	187500	187500	187500	187500
6	187500	187500	6954.72314453125	-4883.11865234375	187500	187500	187500	187500
7	187500	187500	6925.30810546875	-4899.7705078125	187500	187500	187500	187500
8	187500	187500	6944.30712890625	-4886.0244140625	187500	187500	187500	187500
9	187500	187500	6972.67138671875	-4871.71923828125	187500	187500	187500	187500
10	187500	187500	6959.26025390625	-4889.48876953125	187500	187500	187500	187500
11	187500	187500	6919.69775390625	-4911.7958984375	187500	187500	187500	187500
12	187500	187500	6905.10205078125	-4911.03564453125	187500	187500	187500	187500
13	187500	187500	6917.66357421875	-4892.12646484375	187500	187500	187500	187500
14	187500	187500	6911.0029296875	-4891.85791015625	187500	187500	187500	187500
15	187500	187500	6890.998046875	-4910.49951171875	187500	187500	187500	187500
16	187500	187500	6900.8330078125	-4910.11962890625	187500	187500	187500	187500
17	187500	187500	6926.984375	-4883.05126953125	187500	187500	187500	187500
18	187500	187500	6932.30419921875	-4881.5986328125	187500	187500	187500	187500
19	187500	187500	6915.29443359375	-4904.77734375	187500	187500	187500	187500
20	187500	187500	6924.0341796875	-4900.0390625	187500	187500	187500	187500
21	187500	187500	6945.0224609375	-4881.419921875	187500	187500	187500	187500
22	187500	187500	6936.26025390625	-4888.1923828125	187500	187500	187500	187500
23	187500	187500	6919.29541015625	-4906.25244140625	187500	187500	187500	187500
24	187500	187500	6922.93896484375	-4901	187500	187500	187500	187500
25	187500	187500	6933.89111328125	-4897.08837890625	187500	187500	187500	187500
26	187500	187500	6936.55078125	-4897.33447265625	187500	187500	187500	187500
27	187500	187500	6916.5908203125	-4908.1748046875	187500	187500	187500	187500
28	187500	187500	6906.06298828125	-4911.72900390625	187500	187500	187500	187500
29	187500	187500	6917.8427734375	-4900.396484375	187500	187500	187500	187500
30	187500	187500	6930.33740234375	-4892.1484375	187500	187500	187500	187500
31	187500	187500	6913.751953125	-4904.5537109375	187500	187500	187500	187500
32	187500	187500	6893.92626953125	-4923.2177734375	187500	187500	187500	187500
33	187500	187500	6900.564453125	-4914.52294921875	187500	187500	187500	187500
34	187500	187500	6910.89111328125	-4906.4091796875	187500	187500	187500	187500
35	187500	187500	6907.73974609375	-4914.72412109375	187500	187500	187500	187500
36	187500	187500	6891.35595703125	-4923.59765625	187500	187500	187500	187500
37	187500	187500	6903.6494140625	-4908.13037109375	187500	187500	187500	187500
38	187500	187500	6927.1630859375	-4892.953125	187500	187500	187500	187500
39	187500	187500	6909.48291015625	-4911.974609375	187500	187500	187500	187500
40	187500	187500	6894.8203125	-4928.9619140625	187500	187500	187500	187500
41	187500	187500	6908.65576171875	-4923.2177734375	187500	187500	187500	187500
42	187500	187500	6928.146484375	-4908.15234375	187500	187500	187500	187500
43	187500	187500	6909.013671875	-4914.85791015625	187500	187500	187500	187500
44	187500	187500	6875.8662109375	-4937.03076171875	187500	187500	187500	187500
45	187500	187500	6876.35791015625	-4937.25439453125	187500	187500	187500	187500
46	187500	187500	6901.8388671875	-4917.40625	187500	187500	187500	187500
47	187500	187500	6910.9580078125	-4922.0107421875	187500	187500	187500	187500
48	187500	187500	6880.828125	-4947.1337890625	187500	187500	187500	187500
49	187500	187500	6899.11181640625	-4934.37109375	187500	187500	187500	187500
50	187500	187500	6944.86572265625	-4900.3740234375	187500	187500	187500	187500
51	187500	187500	6957.337890625	-4893.6015625	187500	187500	187500	187500
52	187500	187500	6937.93701171875	-4918.7470703125	187500	187500	187500	187500
53	187500	187500	6937.33349609375	-4931.28662109375	187500	187500	187500	187500
54	187500	187500	6969.3408203125	-4916.51220703125	187500	187500	187500	187500
55	187500	187500	6977.521484375	-4907.07958984375	187500	187500	187500	187500
56	187500	187500	6963.66357421875	-4921.85400390625	187500	187500	187500	187500
57	187500	187500	6951.92919921875	-4930.03466796875	187500	187500	187500	187500
58	187500	187500	6959.6181640625	-4919.41796875	187500	187500	187500	187500
59	187500	187500	6973.90087890625	-4918.25537109375	187500	187500	187500	187500
60	187500	187500	6965.2060546875	-4932.47119140625	187500	187500	187500	187500
61	187500	187500	6951.07958984375	-4941.90380859375	187500	187500	187500	187500
62	187500	187500	6974.146484375	-4920.78125	187500	187500	187500	187500
63	187500	187500	6982.193359375	-4908.46533203125	187500	187500	187500	187500
64	187500	187500	6961.69677734375	-4921.1611328125	187500	187500	187500	187500
65	187500	187500	6940.08251953125	-4933.1865234375	187500	187500	187500	187500
66	187500	187500	6952.13037109375	-4923.23974609375	187500	187500	187500	187500
67	187500	187500	6979.84619140625	-4906.2080078125	187500	187500	187500	187500
68	187500	187500	6991.15625	-4904.017578125	187500	187500	187500	187500
69	187500	187500	6958.34375	-4925.65380859375	187500	187500	187500	187500
70	187500	187500	6963.26123046875	-4919.52978515625	187500	187500	187500	187500
71	187500	187500	6996.5654296875	-4897.8037109375	187500	187500	187500	187500
72	187500	187500	7005.84130859375	-4892.8193359375	187500	187500	187500	187500
73	187500	187500	6991.71484375	-4905.5595703125	187500	187500	187500	187500
74	187500	187500	6983.400390625	-4909.64990234375	187500	187500	187500	187500
75	187500	187500	6997.03466796875	-4904.3974609375	187500	187500	187500	187500
76	187500	187500	6999.9404296875	-4900.66455078125	187500	187500	187500	187500
77	187500	187500	6990.26220703125	-4900.9775390625	187500	187500	187500	187500
78	187500	187500	6992.1396484375	-4908.755859375	187500	187500	187500	187500
79	187500	187500	7015.47509765625	-4899.6142578125	187500	187500	187500	187500
80	187500	187500	7024.99658203125	-4899.25634765625	187500	187500	187500	187500
81	187500	187500	7003.62841796875	-4921.33984375	187500	187500	187500	187500
82	187500	187500	6986.01513671875	-4937.12060546875	187500	187500	187500	187500
83	187500	187500	7006.9814453125	-4920.71435546875	187500	187500	187500	187500
84	187500	187500	7034.02685546875	-4901.49169921875	187500	187500	187500	187500
85	187500	187500	7016.45849609375	-4913.986328125	187500	187500	187500	187500
86	187500	187500	6996.5654296875	-4927.48681640625	187500	187500	187500	187500
87	187500	187500	7021.7783203125	-4905.5595703125	187500	187500	187500	187500
88	187500	187500	7041.20166015625	-4890.025390625	187500	187500	187500	187500
89	187500	187500	7025.80126953125	-4904.44189453125	187500	187500	187500	187500
90	187500	187500	7001.50537109375	-4924.9384765625	187500	187500	187500	187500
91	187500	187500	7005.84130859375	-4908.9794921875	187500	187500	187500	187500
92	187500	187500	7039.65966796875	-4881.21875	187500	187500	187500	187500
93	187500	187500	7047.43798828125	-4880.74951171875	187500	187500	187500	187500
94	187500	187500	7026.583984375	-4902.29638671875	187500	187500	187500	187500
95	187500	187500	7027.34375	-4903.5927734375	187500	187500	187500	187500
96	187500	187500	7052.109375	-4876.5693359375	187500	187500	187500	187500
97	187500	187500	7050.99169921875	-4870.53466796875	187500	187500	187500	187500
98	187500	187500	7020.41455078125	-4898.29541015625	187500	187500	187500	187500
99	187500	187500	7008.3447265625	-4903.45849609375	187500	187500	187500	187500
100	187500	187500	7028.46142578125	-4882.380859375	187500	187500	187500	187500
101	187500	187500	7042.45361328125	-4872.12158203125	187500	187500	187500	187500
102	187500	187500	7031.47900390625	-4881.86669921875	187500	187500	187500	187500
103	187500	187500	7023.365234375	-4886.09130859375	187500	187500	187500	187500
104	187500	187500	7035.30078125	-4875.85400390625	187500	187500	187500	187500
105	187500	187500	7050.142578125	-4870.51220703125	187500	187500	187500	187500
106	187500	187500	7032.5068359375	-4888.1474609375	187500	187500	187500	187500
107	187500	187500	7011.80908203125	-4902.6318359375	187500	187500	187500	187500
108	187500	187500	7026.04736328125	-4896.28369140625	187500	187500	187500	187500
109	187500	187500	7050.298828125	-4884.638671875	187500	187500	187500	187500
110	187500	187500	7045.62744140625	-4894.92041015625	187500	187500	187500	187500
111	187500	187500	7028.05908203125	-4905.29150390625	187500	187500	187500	187500
112	187500	187500	7033.9150390625	-4900.84326171875	187500	187500	187500	187500
113	187500	187500	7048.935546875	-4894.96484375	187500	187500	187500	187500
114	187500	187500	7044.7109375	-4897.982421875	187500	187500	187500	187500
115	187500	187500	7034.45166015625	-4905.13525390625	187500	187500	187500	187500
116	187500	187500	7039.21240234375	-4902.45263671875	187500	187500	187500	187500
117	187500	187500	7056.3564453125	-4887.8125	187500	187500	187500	187500
118	187500	187500	7048.64501953125	-4895.166015625	187500	187500	187500	187500
119	187500	187500	7019.9228515625	-4919.30615234375	187500	187500	187500	187500
120	187500	187500	7004.1875	-4928.3583984375	187500	187500	187500	187500
121	187500	187500	7033.22216796875	-4898.7646484375	187500	187500	187500	187500
122	187500	187500	7040.08447265625	-4889.68994140625	187500	187500	187500	187500
123	187500	187500	7013.3291015625	-4910.45458984375	187500	187500	187500	187500
124	187500	187500	7000.3203125	-4915.08154296875	187500	187500	187500	187500
125	187500	187500	7009.9765625	-4903.65966796875	187500	187500	187500	187500
126	187500	187500	7013.3740234375	-4908.93505859375	187500	187500	187500	187500
127	187500	187500	7002.42138671875	-4925.69873046875	187500	187500	187500	187500
128	187500	187500	7003.29345703125	-4923.7763671875	187500	187500	187500	187500
129	187500	187500	7017.21826171875	-4904.419921875	187500	187500	187500	187500
130	187500	187500	7023.67822265625	-4897.6025390625	187500	187500	187500	187500
131	187500	187500	7005.23779296875	-4908.4208984375	187500	187500	187500	187500
132	187500	187500	6996.9677734375	-4910.7451171875	187500	187500	187500	187500
133	187500	187500	7004.1201171875	-4906.0068359375	187500	187500	187500	187500
134	187500	187500	7018.44775390625	-4892.90869140625	187500	187500	187500	187500
135	187500	187500	7008.47900390625	-4900.6201171875	187500	187500	187500	187500
136	187500	187500	6989.03271484375	-4917.24951171875	187500	187500	187500	187500
137	187500	187500	6998.28662109375	-4905.1796875	187500	187500	187500	187500
138	187500	187500	7016.88330078125	-4886.046875	187500	187500	187500	187500
139	187500	187500	6998.28662109375	-4901.08935546875	187500	187500	187500	187500
140	187500	187500	6972.6044921875	-4920.87060546875	187500	187500	187500	187500
141	187500	187500	6973.9453125	-4917.763671875	187500	187500	187500	187500
142	187500	187500	6999.962890625	-4895.7470703125	187500	187500	187500	187500
143	187500	187500	7004.791015625	-4892.953125	187500	187500	187500	187500
144	187500	187500	6985.3671875	-4905.58203125	187500	187500	187500	187500
145	187500	187500	6979.533203125	-4908.48779296875	187500	187500	187500	187500
146	187500	187500	6996.43115234375	-4888.32666015625	187500	187500	187500	187500
147	187500	187500	7003.67333984375	-4880.32470703125	187500	187500	187500	187500
148	187500	187500	6983.42236328125	-4902.162109375	187500	187500	187500	187500
149	187500	187500	6977.7451171875	-4907.68310546875	187500	187500	187500	187500
150	187500	187500	6983.400390625	-4895.61328125	187500	187500	187500	187500
151	187500	187500	6980.2041015625	-4893.10986328125	187500	187500	187500	187500
152	187500	187500	6955.88525390625	-4914.70166015625	187500	187500	187500	187500
153	187500	187500	6944.91064453125	-4921.31787109375	187500	187500	187500	187500
154	187500	187500	6975.1748046875	-4890.27099609375	187500	187500	187500	187500
155	187500	187500	6989.25634765625	-4877.955078125	187500	187500	187500	187500
156	187500	187500	6976.404296875	-4899.32373046875	187500	187500	187500	187500
157	187500	187500	6960.2216796875	-4911.6171875	187500	187500	187500	187500
158	187500	187500	6969.966796875	-4897.78125	187500	187500	187500	187500
159	187500	187500	6985.30029296875	-4883.94580078125	187500	187500	187500	187500
160	187500	187500	6972.2021484375	-4890.04736328125	187500	187500	187500	187500
161	187500	187500	6957.11474609375	-4909.60546875	187500	187500	187500	187500
162	187500	187500	6981.1201171875	-4895.52392578125	187500	187500	187500	187500
163	187500	187500	7001.125	-4871.33935546875	187500	187500	187500	187500
164	187500	187500	6991.42431640625	-4875.0498046875	187500	187500	187500	187500
165	187500	187500	6961.1376953125	-4895.61328125	187500	187500	187500	187500
166	187500	187500	6958.70166015625	-4885.33154296875	187500	187500	187500	187500
167	187500	187500	6979.08642578125	-4866.623046875	187500	187500	187500	187500
168	187500	187500	6976.24755859375	-4875.5634765625	187500	187500	187500	187500
169	187500	187500	6950.69970703125	-4899.14453125	187500	187500	187500	187500
170	187500	187500	6959.796875	-4886.67236328125	187500	187500	187500	187500
171	187500	187500	6980.3828125	-4872.27783203125	187500	187500	187500	187500
172	187500	187500	6974.9287109375	-4878.4248046875	187500	187500	187500	187500
173	187500	187500	6944.03857421875	-4898.7421875	187500	187500	187500	187500
174	187500	187500	6962.9931640625	-4885.80078125	187500	187500	187500	187500
175	187500	187500	6998.1748046875	-4863.09130859375	187500	187500	187500	187500
176	187500	187500	6991.46923828125	-4876.85986328125	187500	187500	187500	187500
177	187500	187500	6951.52685546875	-4907.4150390625	187500	187500	187500	187500
178	187500	187500	6933.5556640625	-4924.3349609375	187500	187500	187500	187500
179	187500	187500	6953.3369140625	-4912.3994140625	187500	187500	187500	187500
180	187500	187500	6957.3828125	-4906.6328125	187500	187500	187500	187500
181	187500	187500	6923.3857421875	-4929.65478515625	187500	187500	187500	187500
182	187500	187500	6900.67626953125	-4954.64404296875	187500	187500	187500	187500
183	187500	187500	6919.29541015625	-4938.9306640625	187500	187500	187500	187500
184	187500	187500	6936.28271484375	-4928.47021484375	187500	187500	187500	187500
185	187500	187500	6920.8154296875	-4945.3232421875	187500	187500	187500	187500
186	187500	187500	6921.6201171875	-4942.3505859375	187500	187500	187500	187500
187	187500	187500	6936.1484375	-4925.25146484375	187500	187500	187500	187500
188	187500	187500	6952.46533203125	-4906.47607421875	187500	187500	187500	187500
189	187500	187500	6932.169921875	-4924.29052734375	187500	187500	187500	187500
190	187500	187500	6906.9794921875	-4949.05615234375	187500	187500	187500	187500
191	187500	187500	6934.47216796875	-4930.2138671875	187500	187500	187500	187500
192	187500	187500	6960.7353515625	-4907.70556640625	187500	187500	187500	187500
193	187500	187500	6970.5927734375	-4898.541015625	187500	187500	187500	187500
194	187500	187500	6951.83935546875	-4920.982421875	187500	187500	187500	187500
195	187500	187500	6948.419921875	-4928.6044921875	187500	187500	187500	187500
196	187500	187500	6963.529296875	-4914.6123046875	187500	187500	187500	187500
197	187500	187500	6963.28369140625	-4911.93017578125	187500	187500	187500	187500
198	187500	187500	6944.4189453125	-4929.07373046875	187500	187500	187500	187500
199	187500	187500	6939.68017578125	-4926.4140625	187500	187500	187500	187500
200	187500	187500	6966.43505859375	-4900.84326171875	187500	187500	187500	187500
201	187500	187500	6969.7880859375	-4895.27783203125	187500	187500	187500	187500
202	187500	187500	6946.67626953125	-4912.220703125	187500	187500	187500	187500
203	187500	187500	6933.3544921875	-4925.810546875	187500	187500	187500	187500
204	187500	187500	6950.3642578125	-4909.85107421875	187500	187500	187500	187500
205	187500	187500	6959.23779296875	-4899.10009765625	187500	187500	187500	187500
206	187500	187500	6942.138671875	-4912.68994140625	187500	187500	187500	187500
207	187500	187500	6929.5546875	-4916.86962890625	187500	187500	187500	187500
208	187500	187500	6937.1767578125	-4907.72802734375	187500	187500	187500	187500
209	187500	187500	6953.8291015625	-4896.1494140625	187500	187500	187500	187500
210	187500	187500	6940.52978515625	-4901.4248046875	187500	187500	187500	187500
211	187500	187500	6926.11279296875	-4912.89111328125	187500	187500	187500	187500
212	187500	187500	6930.2255859375	-4915.0146484375	187500	187500	187500	187500
213	187500	187500	6942.4072265625	-4903.5478515625	187500	187500	187500	187500
214	187500	187500	6940.3955078125	-4906.341796875	187500	187500	187500	187500
215	187500	187500	6924.88330078125	-4917.65185546875	187500	187500	187500	187500
216	187500	187500	6940.84228515625	-4901.603515625	187500	187500	187500	187500
217	187500	187500	6956.71240234375	-4881.6435546875	187500	187500	187500	187500
218	187500	187500	6938.0263671875	-4898.89892578125	187500	187500	187500	187500
219	187500	187500	6913.6181640625	-4921.3623046875	187500	187500	187500	187500
220	187500	187500	6920.52490234375	-4918.32275390625	187500	187500	187500	187500
221	187500	187500	6947.90576171875	-4895.6357421875	187500	187500	187500	187500
222	187500	187500	6945.55859375	-4897.177734375	187500	187500	187500	187500
223	187500	187500	6919.09423828125	-4912.3994140625	187500	187500	187500	187500
224	187500	187500	6896.6083984375	-4926.927734375	187500	187500	187500	187500
225	187500	187500	6908.8125	-4911.1474609375	187500	187500	187500	187500
226	187500	187500	6934.025390625	-4888.8408203125	187500	187500	187500	187500
227	187500	187500	6930.91845703125	-4896.41796875	187500	187500	187500	187500
228	187500	187500	6916.166015625	-4910.5439453125	187500	187500	187500	187500
229	187500	187500	6940.1494140625	-4894.361328125	187500	187500	187500	187500
230	187500	187500	6958.07568359375	-4879.74365234375	187500	187500	187500	187500
231	187500	187500	6933.31005859375	-4897.64697265625	187500	187500	187500	187500
232	187500	187500	6925.62109375	-4912.26513671875	187500	187500	187500	187500
233	187500	187500	6939.5908203125	-4897.91552734375	187500	187500	187500	187500
234	187500	187500	6946.72119140625	-4879.87744140625	187500	187500	187500	187500
235	187500	187500	6932.7958984375	-4894.3837890625	187500	187500	187500	187500
236	187500	187500	6911.89697265625	-4908.30908203125	187500	187500	187500	187500
237	187500	187500	6917.30615234375	-4902.609375	187500	187500	187500	187500
238	187500	187500	6947.88330078125	-4882.89501953125	187500	187500	187500	187500
239	187500	187500	6938.2275390625	-4888.9970703125	187500	187500	187500	187500
240	187500	187500	6911.06982421875	-4907.2138671875	187500	187500	187500	187500
241	187500	187500	6917.015625	-4902.31884765625	187500	187500	187500	187500
242	187500	187500	6936.8193359375	-4882.09033203125	187500	187500	187500	187500
243	187500	187500	6919.07177734375	-4902.87744140625	187500	187500	187500	187500
244	187500	187500	6898.3740234375	-4922.85986328125	187500	187500	187500	187500
245	187500	187500	6920.90478515625	-4911.66162109375	187500	187500	187500	187500
246	187500	187500	6961.1826171875	-4884.2138671875	187500	187500	187500	187500
247	187500	187500	6958.5673828125	-4883.65478515625	187500	187500	187500	187500
248	187500	187500	6931.32080078125	-4908.91259765625	187500	187500	187500	187500
249	187500	187500	6934.31591796875	-4908.8232421875	187500	187500	187500	187500
250	187500	187500	6968.1337890625	-4876.70361328125	187500	187500	187500	187500
251	187500	187500	6977.56640625	-4873.14990234375	187500	187500	187500	187500
252	187500	187500	6945.49169921875	-4900.91064453125	187500	187500	187500	187500
253	187500	187500	6938.80859375	-4909.71728515625	187500	187500	187500	187500
254	187500	187500	6955.6171875	-4902.2294921875	187500	187500	187500	187500
255	187500	187500	6969.87744140625	-4889.6455078125	187500	187500	187500	187500
256	187500	187500	6961.42822265625	-4901.8271484375	187500	187500	187500	187500
257	187500	187500	6947.3916015625	-4921.45166015625	187500	187500	187500	187500
258	187500	187500	6953.1806640625	-4914.1875	187500	187500	187500	187500
259	187500	187500	6982.9306640625	-4895.814453125	187500	187500	187500	187500
260	187500	187500	6970.5703125	-4907.68310546875	187500	187500	187500	187500
261	187500	187500	6954.9462890625	-4915.6181640625	187500	187500	187500	187500
262	187500	187500	6980.5615234375	-4892.6181640625	187500	187500	187500	187500
263	187500	187500	6992.49755859375	-4883.11865234375	187500	187500	187500	187500
264	187500	187500	6957.85205078125	-4912.53369140625	187500	187500	187500	187500
265	187500	187500	6939.76953125	-4927.576171875	187500	187500	187500	187500
266	187500	187500	6960.51220703125	-4908.33154296875	187500	187500	187500	187500
267	187500	187500	6983.7353515625	-4896.73095703125	187500	187500	187500	187500
268	187500	187500	6988.22802734375	-4906.67724609375	187500	187500	187500	187500
269	187500	187500	6970.45849609375	-4920.333984375	187500	187500	187500	187500
270	187500	187500	6968.84912109375	-4918.65771484375	187500	187500	187500	187500
271	187500	187500	6985.7470703125	-4901	187500	187500	187500	187500
272	187500	187500	6984.31640625	-4899.92724609375	187500	187500	187500	187500
273	187500	187500	6957.82958984375	-4915.5732421875	187500	187500	187500	187500
274	187500	187500	6954.1640625	-4909.71728515625	187500	187500	187500	187500
275	187500	187500	6976.27001953125	-4891.58984375	187500	187500	187500	187500
276	187500	187500	6986.9541015625	-4884.50439453125	187500	187500	187500	187500
277	187500	187500	6972.8056640625	-4897.69189453125	187500	187500	187500	187500
278	187500	187500	6956.64501953125	-4904.24072265625	187500	187500	187500	187500
279	187500	187500	6972.134765625	-4891.67919921875	187500	187500	187500	187500
280	187500	187500	7000.72265625	-4874.5576171875	187500	187500	187500	187500
281	187500	187500	6993.10107421875	-4887.92431640625	187500	187500	187500	187500
282	187500	187500	6963.775390625	-4915.595703125	187500	187500	187500	187500
283	187500	187500	6978.6171875	-4901.759765625	187500	187500	187500	187500
284	187500	187500	6994.66552734375	-4889.13134765625	187500	187500	187500	187500
285	187500	187500	6973.49853515625	-4903.7939453125	187500	187500	187500	187500
286	187500	187500	6945.46923828125	-4918.85888671875	187500	187500	187500	187500
287	187500	187500	6956.17578125	-4907.63818359375	187500	187500	187500	187500
288	187500	187500	6963.1943359375	-4898.4072265625	187500	187500	187500	187500
289	187500	187500	6943.70361328125	-4914.947265625	187500	187500	187500	187500
290	187500	187500	6924.01171875	-4931.66650390625	187500	187500	187500	187500
291	187500	187500	6939.009765625	-4913.4052734375	187500	187500	187500	187500
292	187500	187500	6960.154296875	-4897.7587890625	187500	187500	187500	187500
293	187500	187500	6950.990234375	-4908.91259765625	187500	187500	187500	187500
294	187500	187500	6925.822265625	-4928.380859375	187500	187500	187500	187500
295	187500	187500	6930.06884765625	-4925.52001953125	187500	187500	187500	187500
296	187500	187500	6951.68310546875	-4906.2080078125	187500	187500	187500	187500
297	187500	187500	6951.07958984375	-4898.29541015625	187500	187500	187500	187500
298	187500	187500	6941.46826171875	-4903.3916015625	187500	187500	187500	187500
299	187500	187500	6937.66845703125	-4900.86572265625	187500	187500	187500	187500
300	187500	187500	6954.8125	-4885.68896484375	187500	187500	187500	187500
301	187500	187500	6959.751953125	-4888.416015625	187500	187500	187500	187500
302	187500	187500	6928.90673828125	-4912.48876953125	187500	187500	187500	187500
303	187500	187500	6906.68896484375	-4922.189453125	187500	187500	187500	187500
304	187500	187500	6938.04833984375	-4893.19921875	187500	187500	187500	187500
305	187500	187500	6959.43896484375	-4881.978515625	187500	187500	187500	187500
306	187500	187500	6945.49169921875	-4891.7685546875	187500	187500	187500	187500
307	187500	187500	6924.771484375	-4906.65478515625	187500	187500	187500	187500
308	187500	187500	6932.7958984375	-4899.0107421875	187500	187500	187500	187500
309	187500	187500	6950.587890625	-4880.25732421875	187500	187500	187500	187500
310	187500	187500	6931.85693359375	-4896.46240234375	187500	187500	187500	187500
311	187500	187500	6902.419921875	-4924	187500	187500	187500	187500
312	187500	187500	6912.9697265625	-4915.93115234375	187500	187500	187500	187500
313	187500	187500	6927.45361328125	-4904.77734375	187500	187500	187500	187500
314	187500	187500	6922.71533203125	-4913.47216796875	187500	187500	187500	187500
315	187500	187500	6901.212890625	-4931.95703125	187500	187500	187500	187500
316	187500	187500	6917.9990234375	-4919.373046875	187500	187500	187500	187500
317	187500	187500	6940.57421875	-4899.05517578125	187500	187500	187500	187500
318	187500	187500	6931.1640625	-4913.06982421875	187500	187500	187500	187500
319	187500	187500	6906.599609375	-4940.04833984375	187500	187500	187500	187500
320	187500	187500	6908.0078125	-4932.49365234375	187500	187500	187500	187500
321	187500	187500	6945.67041015625	-4894.94287109375	187500	187500	187500	187500
322	187500	187500	6947.12353515625	-4892.841796875	187500	187500	187500	187500
323	187500	187500	6907.359375	-4925.36328125	187500	187500	187500	187500
324	187500	187500	6900.9892578125	-4927.50927734375	187500	187500	187500	187500
325	187500	187500	6922.1787109375	-4914.63427734375	187500	187500	187500	187500
326	187500	187500	6932.08056640625	-4911.169921875	187500	187500	187500	187500
327	187500	187500	6917.373046875	-4918.50146484375	187500	187500	187500	187500
328	187500	187500	6909.46044921875	-4922.2119140625	187500	187500	187500	187500
329	187500	187500	6920.10009765625	-4916.46728515625	187500	187500	187500	187500
330	187500	187500	6932.88525390625	-4906.587890625	187500	187500	187500	187500
331	187500	187500	6908.8125	-4928.89501953125	187500	187500	187500	187500
332	187500	187500	6908.90185546875	-4928.783203125	187500	187500	187500	187500
333	187500	187500	6932.818359375	-4910.767578125	187500	187500	187500	187500
334	187500	187500	6943.748046875	-4903.9951171875	187500	187500	187500	187500
335	187500	187500	6924.32470703125	-4917.69677734375	187500	187500	187500	187500
336	187500	187500	6879.419921875	-4957.48291015625	187500	187500	187500	187500
337	187500	187500	6888.67333984375	-4953.28076171875	187500	187500	187500	187500
338	187500	187500	6946.005859375	-4904.08447265625	187500	187500	187500	187500
339	187500	187500	6935.142578125	-4919.7978515625	187500	187500	187500	187500
340	187500	187500	6908.85693359375	-4955.515625	187500	187500	187500	187500
341	187500	187500	6930.04638671875	-4933.45458984375	187500	187500	187500	187500
342	187500	187500	6958.32177734375	-4900.06103515625	187500	187500	187500	187500
343	187500	187500	6935.85791015625	-4908.93505859375	187500	187500	187500	187500
344	187500	187500	6903.29150390625	-4932.04638671875	187500	187500	187500	187500
345	187500	187500	6914.26611328125	-4929.27490234375	187500	187500	187500	187500
346	187500	187500	6936.1484375	-4919.64111328125	187500	187500	187500	187500
347	187500	187500	6927.1630859375	-4926.369140625	187500	187500	187500	187500
348	187500	187500	6894.3955078125	-4944.18359375	187500	187500	187500	187500
349	187500	187500	6872.73681640625	-4959.2041015625	187500	187500	187500	187500
350	187500	187500	6882.236328125	-4958.01904296875	187500	187500	187500	187500
351	187500	187500	6888.67333984375	-4957.572265625	187500	187500	187500	187500
352	187500	187500	6870.09912109375	-4968.50244140625	187500	187500	187500	187500
353	187500	187500	6871.88720703125	-4967.943359375	187500	187500	187500	187500
354	187500	187500	6893.970703125	-4954.353515625	187500	187500	187500	187500
355	187500	187500	6903.42578125	-4944.63037109375	187500	187500	187500	187500
356	187500	187500	6875.75439453125	-4961.3271484375	187500	187500	187500	187500
357	187500	187500	6841.265625	-4977.599609375	187500	187500	187500	187500
358	187500	187500	6853.13427734375	-4954.86767578125	187500	187500	187500	187500
359	187500	187500	6886.88525390625	-4923.44091796875	187500	187500	187500	187500
360	187500	187500	6875.5751953125	-4934.169921875	187500	187500	187500	187500
361	187500	187500	6858.0068359375	-4945.8154296875	187500	187500	187500	187500
362	187500	187500	6871.08251953125	-4935.91357421875	187500	187500	187500	187500
363	187500	187500	6884.35986328125	-4926.16796875	187500	187500	187500	187500
364	187500	187500	6869.13818359375	-4930.10205078125	187500	187500	187500	187500
365	187500	187500	6848.93212890625	-4945.5244140625	187500	187500	187500	187500
366	187500	187500	6870.90380859375	-4933.923828125	187500	187500	187500	187500
367	187500	187500	6898.7763671875	-4914.29931640625	187500	187500	187500	187500
368	187500	187500	6894.35107421875	-4918.30029296875	187500	187500	187500	187500
369	187500	187500	6874.4130859375	-4938.3720703125	187500	187500	187500	187500
370	187500	187500	6901.32470703125	-4909.11376953125	187500	187500	187500	187500
371	187500	187500	6938.5849609375	-4878.67041015625	187500	187500	187500	187500
372	187500	187500	6920.92724609375	-4897.31201171875	187500	187500	187500	187500
373	187500	187500	6873.89892578125	-4929.5654296875	187500	187500	187500	187500
374	187500	187500	6877.36376953125	-4923.46337890625	187500	187500	187500	187500
375	187500	187500	6916.8369140625	-4887.0302734375	187500	187500	187500	187500
376	187500	187500	6929.3984375	-4877.68701171875	187500	187500	187500	187500
377	187500	187500	6901.056640625	-4906.0068359375	187500	187500	187500	187500
378	187500	187500	6885.11962890625	-4919.775390625	187500	187500	187500	187500
379	187500	187500	6889.7685546875	-4914.50048828125	187500	187500	187500	187500
380	187500	187500	6898.50830078125	-4910.3876953125	187500	187500	187500	187500
381	187500	187500	6896.18359375	-4920.333984375	187500	187500	187500	187500
382	187500	187500	6887.17578125	-4933.0078125	187500	187500	187500	187500
383	187500	187500	6910.71240234375	-4911.48291015625	187500	187500	187500	187500
384	187500	187500	6923.69873046875	-4897.08837890625	187500	187500	187500	187500
385	187500	187500	6910.28759765625	-4911.66162109375	187500	187500	187500	187500
386	187500	187500	6895.89306640625	-4925.05029296875	187500	187500	187500	187500
387	187500	187500	6913.48388671875	-4907.1689453125	187500	187500	187500	187500
388	187500	187500	6928.50439453125	-4889.93603515625	187500	187500	187500	187500
389	187500	187500	6916.7919921875	-4906.8115234375	187500	187500	187500	187500
390	187500	187500	6899.91650390625	-4914.43359375	187500	187500	187500	187500
391	187500	187500	6908.34326171875	-4895.9931640625	187500	187500	187500	187500
392	187500	187500	6915.89794921875	-4884.45947265625	187500	187500	187500	187500
393	187500	187500	6909.4384765625	-4893.04296875	187500	187500	187500	187500
394	187500	187500	6887.68994140625	-4910.87939453125	187500	187500	187500	187500
395	187500	187500	6885.052734375	-4912.82421875	187500	187500	187500	187500
396	187500	187500	6905.83984375	-4897.91552734375	187500	187500	187500	187500
397	187500	187500	6912.52294921875	-4888.5498046875	187500	187500	187500	187500
398	187500	187500	6891.7802734375	-4912.17578125	187500	187500	187500	187500
399	187500	187500	6885.2314453125	-4921.7646484375	187500	187500	187500	187500
400	187500	187500	6899.044921875	-4902.65380859375	187500	187500	187500	187500
401	187500	187500	6903.5595703125	-4901.15625	187500	187500	187500	187500
402	187500	187500	6894.66357421875	-4915.9755859375	187500	187500	187500	187500
403	187500	187500	6887.17578125	-4923.28466796875	187500	187500	187500	187500
404	187500	187500	6909.88525390625	-4906.744140625	187500	187500	187500	187500
405	187500	187500	6918.021484375	-4896.86474609375	187500	187500	187500	187500
406	187500	187500	6901.01171875	-4909.51611328125	187500	187500	187500	187500
407	187500	187500	6888.13720703125	-4921.31787109375	187500	187500	187500	187500
408	187500	187500	6916.70263671875	-4898.07177734375	187500	187500	187500	187500
409	187500	187500	6935.03125	-4881.46435546875	187500	187500	187500	187500
410	187500	187500	6912.29931640625	-4895.12158203125	187500	187500	187500	187500
411	187500	187500	6891.6015625	-4913.11474609375	187500	187500	187500	187500
412	187500	187500	6909.66162109375	-4897.73681640625	187500	187500	187500	187500
413	187500	187500	6930.94091796875	-4885.6220703125	187500	187500	187500	187500
414	187500	187500	6915.205078125	-4909.91845703125	187500	187500	187500	187500
415	187500	187500	6880.26904296875	-4932.67236328125	187500	187500	187500	187500
416	187500	187500	6885.11962890625	-4918.72509765625	187500	187500	187500	187500
417	187500	187500	6918.7587890625	-4890.71826171875	187500	187500	187500	187500
418	187500	187500	6911.3603515625	-4902.45263671875	187500	187500	187500	187500
419	187500	187500	6872.267578125	-4937.1875	187500	187500	187500	187500
420	187500	187500	6860.845703125	-4938.30517578125	187500	187500	187500	187500
421	187500	187500	6888.7626953125	-4909.2255859375	187500	187500	187500	187500
422	187500	187500	6897.4130859375	-4904.3974609375	187500	187500	187500	187500
423	187500	187500	6885.29833984375	-4920.826171875	187500	187500	187500	187500
424	187500	187500	6878.92822265625	-4925.609375	187500	187500	187500	187500
425	187500	187500	6903.09033203125	-4906.45361328125	187500	187500	187500	187500
426	187500	187500	6921.1728515625	-4899.05517578125	187500	187500	187500	187500
427	187500	187500	6895.73681640625	-4923.7314453125	187500	187500	187500	187500
428	187500	187500	6882.34814453125	-4932.06884765625	187500	187500	187500	187500
429	187500	187500	6907.69482421875	-4902.65380859375	187500	187500	187500	187500
430	187500	187500	6923.74365234375	-4892.72998046875	187500	187500	187500	187500
431	187500	187500	6909.7958984375	-4906.49853515625	187500	187500	187500	187500
432	187500	187500	6889.0087890625	-4918.1435546875	187500	187500	187500	187500
433	187500	187500	6903.9619140625	-4906.92333984375	187500	187500	187500	187500
434	187500	187500	6916.09912109375	-4905.29150390625	187500	187500	187500	187500
435	187500	187500	6892.33935546875	-4929.05126953125	187500	187500	187500	187500
436	187500	187500	6872.625	-4942.90966796875	187500	187500	187500	187500
437	187500	187500	6907.158203125	-4917.4287109375	187500	187500	187500	187500
438	187500	187500	6935.2099609375	-4894.71923828125	187500	187500	187500	187500
439	187500	187500	6919.0048828125	-4898.87646484375	187500	187500	187500	187500
440	187500	187500	6889.50048828125	-4917.49560546875	187500	187500	187500	187500
441	187500	187500	6897.32373046875	-4907.5712890625	187500	187500	187500	187500
442	187500	187500	6913.46142578125	-4893.6240234375	187500	187500	187500	187500
443	187500	187500	6900.609375	-4908.84521484375	187500	187500	187500	187500
444	187500	187500	6879.666015625	-4927.53125	187500	187500	187500	187500
445	187500	187500	6880.09033203125	-4929.8115234375	187500	187500	187500	187500
446	187500	187500	6894.75341796875	-4909.27001953125	187500	187500	187500	187500
447	187500	187500	6884.51611328125	-4908.8232421875	187500	187500	187500	187500
448	187500	187500	6869.33935546875	-4925.7431640625	187500	187500	187500	187500
449	187500	187500	6870.7919921875	-4931.3984375	187500	187500	187500	187500
450	187500	187500	6890.88623046875	-4912.84619140625	187500	187500	187500	187500
451	187500	187500	6902.173828125	-4900.93310546875	187500	187500	187500	187500
452	187500	187500	6887.10888671875	-4915.1484375	187500	187500	187500	187500
453	187500	187500	6873.67529296875	-4924.87158203125	187500	187500	187500	187500
454	187500	187500	6901.4365234375	-4901.53662109375	187500	187500	187500	187500
455	187500	187500	6926.09033203125	-4883.52099609375	187500	187500	187500	187500
456	187500	187500	6900.3857421875	-4909.3818359375	187500	187500	187500	187500
457	187500	187500	6871.5966796875	-4928.939453125	187500	187500	187500	187500
458	187500	187500	6882.92919921875	-4919.9541015625	187500	187500	187500	187500
459	187500	187500	6917.4404296875	-4899.30126953125	187500	187500	187500	187500
460	187500	187500	6916.92626953125	-4900.1953125	187500	187500	187500	187500
461	187500	187500	6898.1728515625	-4909.27001953125	187500	187500	187500	187500
462	187500	187500	6906.68896484375	-4901.24560546875	187500	187500	187500	187500
463	187500	187500	6927.72216796875	-4892.595703125	187500	187500	187500	187500
464	187500	187500	6912.85791015625	-4914.29931640625	187500	187500	187500	187500
465	187500	187500	6885.54443359375	-4932.1357421875	187500	187500	187500	187500
466	187500	187500	6892.11572265625	-4918.83642578125	187500	187500	187500	187500
467	187500	187500	6923.54248046875	-4891.43359375	187500	187500	187500	187500
468	187500	187500	6934.13720703125	-4883.0068359375	187500	187500	187500	187500
469	187500	187500	6899.93896484375	-4910.7900390625	187500	187500	187500	187500
470	187500	187500	6895.93798828125	-4915.751953125	187500	187500	187500	187500
471	187500	187500	6932.6171875	-4894.71923828125	187500	187500	187500	187500
472	187500	187500	6950.52099609375	-4886.11376953125	187500	187500	187500	187500
473	187500	187500	6927.38671875	-4904.73291015625	187500	187500	187500	187500
474	187500	187500	6917.619140625	-4907.34765625	187500	187500	187500	187500
475	187500	187500	6936.12646484375	-4885.443359375	187500	187500	187500	187500
476	187500	187500	6931.41015625	-4888.25927734375	187500	187500	187500	187500
477	187500	187500	6888.33837890625	-4921.31787109375	187500	187500	187500	187500
478	187500	187500	6880.33642578125	-4926.52587890625	187500	187500	187500	187500
479	187500	187500	6903.31396484375	-4905.984375	187500	187500	187500	187500
480	187500	187500	6921.84375	-4894.65185546875	187500	187500	187500	187500
481	187500	187500	6905.54931640625	-4911.32666015625	187500	187500	187500	187500
482	187500	187500	6882.50439453125	-4931.66650390625	187500	187500	187500	187500
483	187500	187500	6902.1962890625	-4915.6181640625	187500	187500	187500	187500
484	187500	187500	6912.27685546875	-4906.45361328125	187500	187500	187500	187500
485	187500	187500	6909.25927734375	-4911.32666015625	187500	187500	187500	187500
486	187500	187500	6900.609375	-4919.5966796875	187500	187500	187500	187500
487	187500	187500	6907.7841796875	-4905.9619140625	187500	187500	187500	187500
488	187500	187500	6925.26318359375	-4889.578125	187500	187500	187500	187500
489	187500	187500	6909.818359375	-4901.29052734375	187500	187500	187500	187500
490	187500	187500	6886.86328125	-4916.91455078125	187500	187500	187500	187500
491	187500	187500	6878.2578125	-4919.8203125	187500	187500	187500	187500
492	187500	187500	6886.48291015625	-4906.029296875	187500	187500	187500	187500
493	187500	187500	6892.8310546875	-4897.13330078125	187500	187500	187500	187500
494	187500	187500	6870.54638671875	-4913.0029296875	187500	187500	187500	187500
495	187500	187500	6875.91064453125	-4902.65380859375	187500	187500	187500	187500
496	187500	187500	6899.87158203125	-4889.2431640625	187500	187500	187500	187500
497	187500	187500	6897.6142578125	-4890.31591796875	187500	187500	187500	187500
498	187500	187500	6882.52685546875	-4903.212890625	187500	187500	187500	187500
499	187500	187500	6876.4248046875	-4907.794921875	187500	187500	187500	187500
500	187500	187500	6894.41796875	-4891.03125	187500	187500	187500	187500
501	187500	187500	6896.7646484375	-4892.90869140625	187500	187500	187500	187500
502	187500	187500	6883.64453125	-4913.986328125	187500	187500	187500	187500
503	187500	187500	6881.9677734375	-4912.51123046875	187500	187500	187500	187500
504	187500	187500	6895.826171875	-4895.68017578125	187500	187500	187500	187500
505	187500	187500	6905.0126953125	-4885.30908203125	187500	187500	187500	187500
506	187500	187500	6899.357421875	-4893.48974609375	187500	187500	187500	187500
507	187500	187500	6876.53662109375	-4907.794921875	187500	187500	187500	187500
508	187500	187500	6888.56201171875	-4894.763671875	187500	187500	187500	187500
509	187500	187500	6910.10888671875	-4882.53759765625	187500	187500	187500	187500
510	187500	187500	6894.9765625	-4899.72607421875	187500	187500	187500	187500
511	187500	187500	6884.27001953125	-4901.44677734375	187500	187500	187500	187500
512	187500	187500	6898.396484375	-4887.14208984375	187500	187500	187500	187500
513	187500	187500	6920.14501953125	-4872.8369140625	187500	187500	187500	187500
514	187500	187500	6915.45068359375	-4871.65234375	187500	187500	187500	187500
515	187500	187500	6891.6015625	-4896.3505859375	187500	187500	187500	187500
516	187500	187500	6896.6533203125	-4886.6279296875	187500	187500	187500	187500
517	187500	187500	6914.958984375	-4864.611328125	187500	187500	187500	187500
518	187500	187500	6917.93212890625	-4864.052734375	187500	187500	187500	187500
519	187500	187500	6900.11767578125	-4877.06103515625	187500	187500	187500	187500
520	187500	187500	6893.658203125	-4886.27001953125	187500	187500	187500	187500
521	187500	187500	6908.07470703125	-4874.8037109375	187500	187500	187500	187500
522	187500	187500	6918.11083984375	-4869.595703125	187500	187500	187500	187500
523	187500	187500	6908.14208984375	-4882.0009765625	187500	187500	187500	187500
524	187500	187500	6911.5615234375	-4875.9658203125	187500	187500	187500	187500
525	187500	187500	6925.173828125	-4861.48193359375	187500	187500	187500	187500
526	187500	187500	6917.46240234375	-4865.2373046875	187500	187500	187500	187500
527	187500	187500	6886.169921875	-4886.3818359375	187500	187500	187500	187500
528	187500	187500	6887.779296875	-4880.65966796875	187500	187500	187500	187500
529	187500	187500	6910.4443359375	-4861.638671875	187500	187500	187500	187500
530	187500	187500	6916.30029296875	-4864.27587890625	187500	187500	187500	187500
531	187500	187500	6899.67041015625	-4883.2080078125	187500	187500	187500	187500
532	187500	187500	6884.87353515625	-4895.412109375	187500	187500	187500	187500
533	187500	187500	6909.14794921875	-4877.15087890625	187500	187500	187500	187500
534	187500	187500	6938.45068359375	-4856.162109375	187500	187500	187500	187500
535	187500	187500	6919.89892578125	-4873.52978515625	187500	187500	187500	187500
536	187500	187500	6889.09814453125	-4890.7626953125	187500	187500	187500	187500
537	187500	187500	6910.9580078125	-4865.32666015625	187500	187500	187500	187500
538	187500	187500	6931.70068359375	-4846.14892578125	187500	187500	187500	187500
539	187500	187500	6900.07275390625	-4873.14990234375	187500	187500	187500	187500
540	187500	187500	6869.47314453125	-4894.607421875	187500	187500	187500	187500
541	187500	187500	6879.73291015625	-4876.5693359375	187500	187500	187500	187500
542	187500	187500	6904.2529296875	-4841.47705078125	187500	187500	187500	187500
543	187500	187500	6896.31787109375	-4839.443359375	187500	187500	187500	187500
544	187500	187500	6862.0751953125	-4856.654296875	187500	187500	187500	187500
545	187500	187500	6855.7939453125	-4852.09423828125	187500	187500	187500	187500
546	187500	187500	6863.17041015625	-4840.6279296875	187500	187500	187500	187500
547	187500	187500	6855.30224609375	-4848.54052734375	187500	187500	187500	187500
548	187500	187500	6844.37255859375	-4866.91357421875	187500	187500	187500	187500
549	187500	187500	6852.57568359375	-4861.92919921875	187500	187500	187500	187500
550	187500	187500	6884.001953125	-4832.2685546875	187500	187500	187500	187500
551	187500	187500	6886.05859375	-4831.50830078125	187500	187500	187500	187500
552	187500	187500	6853.69287109375	-4859.51513671875	187500	187500	187500	187500
553	187500	187500	6856.1962890625	-4859.26904296875	187500	187500	187500	187500
554	187500	187500	6879.86669921875	-4839.6669921875	187500	187500	187500	187500
555	187500	187500	6894.75341796875	-4827.55224609375	187500	187500	187500	187500
556	187500	187500	6860.28662109375	-4854.32958984375	187500	187500	187500	187500
557	187500	187500	6836.34814453125	-4871.69677734375	187500	187500	187500	187500
558	187500	187500	6868.9814453125	-4833.56494140625	187500	187500	187500	187500
559	187500	187500	6906.33154296875	-4803.8818359375	187500	187500	187500	187500
560	187500	187500	6892.451171875	-4817.73974609375	187500	187500	187500	187500
561	187500	187500	6872.51318359375	-4837.52099609375	187500	187500	187500	187500
562	187500	187500	6895.6474609375	-4820.82421875	187500	187500	187500	187500
563	187500	187500	6918.4013671875	-4800.35009765625	187500	187500	187500	187500
564	187500	187500	6898.3740234375	-4814.2529296875	187500	187500	187500	187500
565	187500	187500	6871.775390625	-4832.849609375	187500	187500	187500	187500
566	187500	187500	6877.5869140625	-4829.54150390625	187500	187500	187500	187500
567	187500	187500	6894.9990234375	-4819.8408203125	187500	187500	187500	187500
568	187500	187500	6888.6064453125	-4827.75341796875	187500	187500	187500	187500
569	187500	187500	6854.49755859375	-4851.13330078125	187500	187500	187500	187500
570	187500	187500	6839.0078125	-4858.68798828125	187500	187500	187500	187500
571	187500	187500	6859.88427734375	-4847.4228515625	187500	187500	187500	187500
572	187500	187500	6857.8056640625	-4848.96533203125	187500	187500	187500	187500
573	187500	187500	6840.2822265625	-4858.173828125	187500	187500	187500	187500
574	187500	187500	6862.34326171875	-4844.13720703125	187500	187500	187500	187500
575	187500	187500	6893.412109375	-4828.22265625	187500	187500	187500	187500
576	187500	187500	6885.47705078125	-4836.6044921875	187500	187500	187500	187500
577	187500	187500	6847.3896484375	-4862.443359375	187500	187500	187500	187500
578	187500	187500	6846.69677734375	-4859.7607421875	187500	187500	187500	187500
579	187500	187500	6883.51025390625	-4828.826171875	187500	187500	187500	187500
580	187500	187500	6896.51904296875	-4817.76220703125	187500	187500	187500	187500
581	187500	187500	6875.4189453125	-4829.4296875	187500	187500	187500	187500
582	187500	187500	6863.9970703125	-4846.7744140625	187500	187500	187500	187500
583	187500	187500	6880.33642578125	-4839.89013671875	187500	187500	187500	187500
584	187500	187500	6888.56201171875	-4826.30029296875	187500	187500	187500	187500
585	187500	187500	6866.50048828125	-4844.15966796875	187500	187500	187500	187500
586	187500	187500	6850.76513671875	-4868.7685546875	187500	187500	187500	187500
587	187500	187500	6870.32275390625	-4860.4091796875	187500	187500	187500	187500
588	187500	187500	6897.27880859375	-4842.50537109375	187500	187500	187500	187500
589	187500	187500	6898.91064453125	-4848.96533203125	187500	187500	187500	187500
590	187500	187500	6874.70361328125	-4866.10888671875	187500	187500	187500	187500
591	187500	187500	6873.36279296875	-4864.0078125	187500	187500	187500	187500
592	187500	187500	6907.94091796875	-4844.67333984375	187500	187500	187500	187500
593	187500	187500	6928.66064453125	-4839.197265625	187500	187500	187500	187500
594	187500	187500	6915.7861328125	-4859.58203125	187500	187500	187500	187500
595	187500	187500	6911.8076171875	-4861.48193359375	187500	187500	187500	187500
596	187500	187500	6933.220703125	-4836.93994140625	187500	187500	187500	187500
597	187500	187500	6925.7548828125	-4841.47705078125	187500	187500	187500	187500
598	187500	187500	6895.91552734375	-4871.8310546875	187500	187500	187500	187500
599	187500	187500	6905.14697265625	-4862.86767578125	187500	187500	187500	187500
600	187500	187500	6936.1484375	-4833.87744140625	187500	187500	187500	187500
601	187500	187500	6950.27490234375	-4825.56298828125	187500	187500	187500	187500
602	187500	187500	6931.7451171875	-4847.89208984375	187500	187500	187500	187500
603	187500	187500	6921.50830078125	-4862.197265625	187500	187500	187500	187500
604	187500	187500	6941.5576171875	-4845.67919921875	187500	187500	187500	187500
605	187500	187500	6957.51708984375	-4835.666015625	187500	187500	187500	187500
606	187500	187500	6941.9599609375	-4856.54248046875	187500	187500	187500	187500
607	187500	187500	6922.08935546875	-4869.0146484375	187500	187500	187500	187500
608	187500	187500	6933.376953125	-4856.31884765625	187500	187500	187500	187500
609	187500	187500	6944.88818359375	-4843.10888671875	187500	187500	187500	187500
610	187500	187500	6914.35546875	-4863.06884765625	187500	187500	187500	187500
611	187500	187500	6883.89013671875	-4888.818359375	187500	187500	187500	187500
612	187500	187500	6897.189453125	-4875.11669921875	187500	187500	187500	187500
613	187500	187500	6906.08544921875	-4856.564453125	187500	187500	187500	187500
614	187500	187500	6897.79296875	-4860.2529296875	187500	187500	187500	187500
615	187500	187500	6856.75537109375	-4900.30712890625	187500	187500	187500	187500
616	187500	187500	6856.71044921875	-4885.10791015625	187500	187500	187500	187500
617	187500	187500	6886.72900390625	-4864.11962890625	187500	187500	187500	187500
618	187500	187500	6876.6484375	-4898.31787109375	187500	187500	187500	187500
619	187500	187500	6827.876953125	-4948.609375	187500	187500	187500	187500
620	187500	187500	6833.95654296875	-4948.85498046875	187500	187500	187500	187500
621	187500	187500	6853.29052734375	-4936.7626953125	187500	187500	187500	187500
622	187500	187500	6836.32568359375	-4955.91796875	187500	187500	187500	187500
623	187500	187500	6803.55810546875	-4994.1171875	187500	187500	187500	187500
624	187500	187500	6786.615234375	-5010.00927734375	187500	187500	187500	187500
625	187500	187500	6797.97021484375	-5007.43896484375	187500	187500	187500	187500
626	187500	187500	6798.0595703125	-5009.96484375	187500	187500	187500	187500
627	187500	187500	6770.74560546875	-5039.24560546875	187500	187500	187500	187500
628	187500	187500	6760.19580078125	-5057.931640625	187500	187500	187500	187500
629	187500	187500	6772.60107421875	-5050.7568359375	187500	187500	187500	187500
630	187500	187500	6775.21630859375	-5057.931640625	187500	187500	187500	187500
631	187500	187500	6744.9296875	-5088.0615234375	187500	187500	187500	187500
632	187500	187500	6733.306640625	-5087.8603515625	187500	187500	187500	187500
633	187500	187500	6761.00048828125	-5058.3564453125	187500	187500	187500	187500
634	187500	187500	6781.38525390625	-5040.98876953125	187500	187500	187500	187500
635	187500	187500	6777.25	-5057.81982421875	187500	187500	187500	187500
636	187500	187500	6767.0576171875	-5067.900390625	187500	187500	187500	187500
637	187500	187500	6783.5087890625	-5049.9072265625	187500	187500	187500	187500
638	187500	187500	6798.52880859375	-5038.3515625	187500	187500	187500	187500
639	187500	187500	6808.900390625	-5023.95703125	187500	187500	187500	187500
640	187500	187500	6786.79443359375	-5038.01611328125	187500	187500	187500	187500
641	187500	187500	6800.2724609375	-5025.05224609375	187500	187500	187500	187500
642	187500	187500	6829.44140625	-5002.20849609375	187500	187500	187500	187500
643	187500	187500	6834.73876953125	-4996.06201171875	187500	187500	187500	187500
644	187500	187500	6817.05859375	-5011.9541015625	187500	187500	187500	187500
645	187500	187500	6817.10302734375	-5011.86474609375	187500	187500	187500	187500
646	187500	187500	6837.0634765625	-4993.24560546875	187500	187500	187500	187500
647	187500	187500	6840.93017578125	-4978.22509765625	187500	187500	187500	187500
648	187500	187500	6813.16943359375	-4996.08447265625	187500	187500	187500	187500
649	187500	187500	6803.15576171875	-5001.00146484375	187500	187500	187500	187500
650	187500	187500	6832.9951171875	-4982.40478515625	187500	187500	187500	187500
651	187500	187500	6841.6005859375	-4969.396484375	187500	187500	187500	187500
652	187500	187500	6812.0966796875	-4985.84716796875	187500	187500	187500	187500
653	187500	187500	6791.0859375	-4998.990234375	187500	187500	187500	187500
654	187500	187500	6812.4990234375	-4975.1630859375	187500	187500	187500	187500
655	187500	187500	6827.2509765625	-4957.48291015625	187500	187500	187500	187500
656	187500	187500	6812.4541015625	-4972.50341796875	187500	187500	187500	187500
657	187500	187500	6799.80322265625	-4980.61669921875	187500	187500	187500	187500
658	187500	187500	6814.73388671875	-4962.6015625	187500	187500	187500	187500
659	187500	187500	6832.32470703125	-4943.04345703125	187500	187500	187500	187500
660	187500	187500	6824.859375	-4946.7763671875	187500	187500	187500	187500
661	187500	187500	6805.63671875	-4961.90869140625	187500	187500	187500	187500
662	187500	187500	6816.09765625	-4949.03369140625	187500	187500	187500	187500
663	187500	187500	6835.38720703125	-4932.359375	187500	187500	187500	187500
664	187500	187500	6829.93310546875	-4942.70849609375	187500	187500	187500	187500
665	187500	187500	6811.4931640625	-4956.0078125	187500	187500	187500	187500
666	187500	187500	6826.51318359375	-4935.8017578125	187500	187500	187500	187500
667	187500	187500	6869.29443359375	-4914.1875	187500	187500	187500	187500
668	187500	187500	6864.4443359375	-4911.9970703125	187500	187500	187500	187500
669	187500	187500	6823.2724609375	-4933.72314453125	187500	187500	187500	187500
670	187500	187500	6829.15087890625	-4936.44970703125	187500	187500	187500	187500
671	187500	187500	6842.69580078125	-4924.24560546875	187500	187500	187500	187500
672	187500	187500	6832.30224609375	-4929.587890625	187500	187500	187500	187500
673	187500	187500	6819.4951171875	-4936.7626953125	187500	187500	187500	187500
674	187500	187500	6821.88671875	-4925.47509765625	187500	187500	187500	187500
675	187500	187500	6840.0361328125	-4903.1904296875	187500	187500	187500	187500
676	187500	187500	6843.94775390625	-4897.06591796875	187500	187500	187500	187500
677	187500	187500	6819.830078125	-4914.791015625	187500	187500	187500	187500
678	187500	187500	6795.19873046875	-4929.92333984375	187500	187500	187500	187500
679	187500	187500	6811.11279296875	-4907.66064453125	187500	187500	187500	187500
680	187500	187500	6839.611328125	-4884.03515625	187500	187500	187500	187500
681	187500	187500	6832.0341796875	-4889.84619140625	187500	187500	187500	187500
682	187500	187500	6808.8779296875	-4905.224609375	187500	187500	187500	187500
683	187500	187500	6809.0341796875	-4903.48095703125	187500	187500	187500	187500
684	187500	187500	6816.2314453125	-4891.8359375	187500	187500	187500	187500
685	187500	187500	6816.0078125	-4897.2001953125	187500	187500	187500	187500
686	187500	187500	6807.51416015625	-4909.359375	187500	187500	187500	187500
687	187500	187500	6815.4716796875	-4904.68798828125	187500	187500	187500	187500
688	187500	187500	6823.00390625	-4896.2392578125	187500	187500	187500	187500
689	187500	187500	6815.44921875	-4906.90087890625	187500	187500	187500	187500
690	187500	187500	6796.51708984375	-4918.3671875	187500	187500	187500	187500
691	187500	187500	6802.19482421875	-4906.27490234375	187500	187500	187500	187500
692	187500	187500	6827.49658203125	-4876.5693359375	187500	187500	187500	187500
693	187500	187500	6805.8828125	-4876.9716796875	187500	187500	187500	187500
694	187500	187500	6761.58154296875	-4891.9921875	187500	187500	187500	187500
695	187500	187500	6715.35791015625	-4900.59765625	187500	187500	187500	187500
696	187500	187500	6716.9453125	-4890.65087890625	187500	187500	187500	187500
697	187500	187500	6750.62939453125	-4886.47119140625	187500	187500	187500	187500
698	187500	187500	6751.0986328125	-4895.9482421875	187500	187500	187500	187500
699	187500	187500	6742.873046875	-4896.1494140625	187500	187500	187500	187500
700	187500	187500	6766.521484375	-4871.361328125	187500	187500	187500	187500
701	187500	187500	6764.12939453125	-4868.29931640625	187500	187500	187500	187500
702	187500	187500	6732.8818359375	-4888.48291015625	187500	187500	187500	187500
703	187500	187500	6714.28515625	-4905.13525390625	187500	187500	187500	187500
704	187500	187500	6733.865234375	-4887.74560546875	187500	187500	187500	187500
705	187500	187500	6741.75537109375	-4876.14501953125	187500	187500	187500	187500
706	187500	187500	6717.6826171875	-4896.57421875	187500	187500	187500	187500
707	187500	187500	6703.04248046875	-4900.70947265625	187500	187500	187500	187500
708	187500	187500	6706.529296875	-4879.45263671875	187500	187500	187500	187500
709	187500	187500	6709.99365234375	-4862.10791015625	187500	187500	187500	187500
710	187500	187500	6709.5244140625	-4883.14111328125	187500	187500	187500	187500
711	187500	187500	6735.38525390625	-4871.65234375	187500	187500	187500	187500
712	187500	187500	6753.98193359375	-4852.47412109375	187500	187500	187500	187500
713	187500	187500	6765.33642578125	-4853.8154296875	187500	187500	187500	187500
714	187500	187500	6769.0244140625	-4862.197265625	187500	187500	187500	187500
715	187500	187500	6751.7021484375	-4881.0400390625	187500	187500	187500	187500
716	187500	187500	6763.861328125	-4858.50927734375	187500	187500	187500	187500
717	187500	187500	6784.1123046875	-4836.11279296875	187500	187500	187500	187500
718	187500	187500	6780.22265625	-4835.71044921875	187500	187500	187500	187500
719	187500	187500	6757.0439453125	-4847.2666015625	187500	187500	187500	187500
720	187500	187500	6742.33642578125	-4848.71923828125	187500	187500	187500	187500
721	187500	187500	6757.513671875	-4836.35888671875	187500	187500	187500	187500
722	187500	187500	6755.7255859375	-4832.2685546875	187500	187500	187500	187500
723	187500	187500	6737.01708984375	-4836.87255859375	187500	187500	187500	187500
724	187500	187500	6740.5263671875	-4829.31787109375	187500	187500	187500	187500
725	187500	187500	6743.2529296875	-4819.9970703125	187500	187500	187500	187500
726	187500	187500	6730.84765625	-4823.2607421875	187500	187500	187500	187500
727	187500	187500	6727.78564453125	-4823.28271484375	187500	187500	187500	187500
728	187500	187500	6748.19287109375	-4813.73876953125	187500	187500	187500	187500
729	187500	187500	6781.16162109375	-4794.8740234375	187500	187500	187500	187500
730	187500	187500	6817.12548828125	-4769.99658203125	187500	187500	187500	187500
731	187500	187500	6803.87109375	-4773.97509765625	187500	187500	187500	187500
732	187500	187500	6786.59326171875	-4774.869140625	187500	187500	187500	187500
733	187500	187500	6796.33837890625	-4764.18505859375	187500	187500	187500	187500
734	187500	187500	6801.45703125	-4759.625	187500	187500	187500	187500
735	187500	187500	6795.73486328125	-4755.8251953125	187500	187500	187500	187500
736	187500	187500	6789.99072265625	-4752.830078125	187500	187500	187500	187500
737	187500	187500	6807.35791015625	-4738.48046875	187500	187500	187500	187500
738	187500	187500	6835.4091796875	-4726.6337890625	187500	187500	187500	187500
739	187500	187500	6828.97216796875	-4728.6455078125	187500	187500	187500	187500
740	187500	187500	6811.2919921875	-4726.58935546875	187500	187500	187500	187500
741	187500	187500	6814.51025390625	-4714.43017578125	187500	187500	187500	187500
742	187500	187500	6829.642578125	-4706.22705078125	187500	187500	187500	187500
743	187500	187500	6824.14404296875	-4704.8408203125	187500	187500	187500	187500
744	187500	187500	6787.7109375	-4717.1123046875	187500	187500	187500	187500
745	187500	187500	6790.77294921875	-4697.35302734375	187500	187500	187500	187500
746	187500	187500	6831.85546875	-4662.84228515625	187500	187500	187500	187500
747	187500	187500	6815.6728515625	-4679.6728515625	187500	187500	187500	187500
748	187500	187500	6771.0361328125	-4699.0517578125	187500	187500	187500	187500
749	187500	187500	6762.7216796875	-4688.9267578125	187500	187500	187500	187500
750	187500	187500	6777.294921875	-4670.12890625	187500	187500	187500	187500
751	187500	187500	6775.685546875	-4652.26953125	187500	187500	187500	187500
752	187500	187500	6744.326171875	-4661.92578125	187500	187500	187500	187500
753	187500	187500	6723.15869140625	-4667.17822265625	187500	187500	187500	187500
754	187500	187500	6725.505859375	-4666.0830078125	187500	187500	187500	187500
755	187500	187500	6741.75537109375	-4663.6689453125	187500	187500	187500	187500
756	187500	187500	6730.95947265625	-4672.00634765625	187500	187500	187500	187500
757	187500	187500	6711.669921875	-4684.41162109375	187500	187500	187500	187500
758	187500	187500	6724.7236328125	-4678.55517578125	187500	187500	187500	187500
759	187500	187500	6723.82958984375	-4684.27734375	187500	187500	187500	187500
760	187500	187500	6717.23583984375	-4694.4697265625	187500	187500	187500	187500
761	187500	187500	6697.4990234375	-4707.2548828125	187500	187500	187500	187500
762	187500	187500	6710.7314453125	-4695.38623046875	187500	187500	187500	187500
763	187500	187500	6734.20068359375	-4681.2822265625	187500	187500	187500	187500
764	187500	187500	6739.453125	-4676.00732421875	187500	187500	187500	187500
765	187500	187500	6752.41748046875	-4666.955078125	187500	187500	187500	187500
766	187500	187500	6759.2568359375	-4666.150390625	187500	187500	187500	187500
767	187500	187500	6762.05078125	-4673.66015625	187500	187500	187500	187500
768	187500	187500	6743.00732421875	-4689.0830078125	187500	187500	187500	187500
769	187500	187500	6726.75732421875	-4700.95166015625	187500	187500	187500	187500
770	187500	187500	6753.892578125	-4685.7080078125	187500	187500	187500	187500
771	187500	187500	6773.76318359375	-4668.0947265625	187500	187500	187500	187500
772	187500	187500	6744.4375	-4687.58544921875	187500	187500	187500	187500
773	187500	187500	6710.95458984375	-4710.42919921875	187500	187500	187500	187500
774	187500	187500	6719.78369140625	-4703.857421875	187500	187500	187500	187500
775	187500	187500	6748.2822265625	-4686.69140625	187500	187500	187500	187500
776	187500	187500	6769.53857421875	-4662.9091796875	187500	187500	187500	187500
777	187500	187500	6769.58349609375	-4668.0947265625	187500	187500	187500	187500
778	187500	187500	6776.6240234375	-4670.41943359375	187500	187500	187500	187500
779	187500	187500	6793.6787109375	-4665.1220703125	187500	187500	187500	187500
780	187500	187500	6796.98681640625	-4660.60693359375	187500	187500	187500	187500
781	187500	187500	6791.2197265625	-4656.24853515625	187500	187500	187500	187500
782	187500	187500	6812.56591796875	-4631.1025390625	187500	187500	187500	187500
783	187500	187500	6834.58251953125	-4605.66650390625	187500	187500	187500	187500
784	187500	187500	6829.70947265625	-4610.42724609375	187500	187500	187500	187500
785	187500	187500	6808.92236328125	-4632.77880859375	187500	187500	187500	187500
786	187500	187500	6799.04296875	-4635.64013671875	187500	187500	187500	187500
787	187500	187500	6802.4853515625	-4630.7451171875	187500	187500	187500	187500
788	187500	187500	6799.244140625	-4634.7236328125	187500	187500	187500	187500
789	187500	187500	6769.53857421875	-4660.271484375	187500	187500	187500	187500
790	187500	187500	6763.77197265625	-4667.58056640625	187500	187500	187500	187500
791	187500	187500	6769.8515625	-4668.1171875	187500	187500	187500	187500
792	187500	187500	6782.36865234375	-4661.7470703125	187500	187500	187500	187500
793	187500	187500	6784.76025390625	-4671.55908203125	187500	187500	187500	187500
794	187500	187500	6791.33154296875	-4679.80712890625	187500	187500	187500	187500
795	187500	187500	6792.20361328125	-4677.61669921875	187500	187500	187500	187500
796	187500	187500	6799.6240234375	-4664.96533203125	187500	187500	187500	187500
797	187500	187500	6792.8740234375	-4676.7451171875	187500	187500	187500	187500
798	187500	187500	6772.53369140625	-4705.0869140625	187500	187500	187500	187500
799	187500	187500	6779.75341796875	-4710.8984375	187500	187500	187500	187500
800	187500	187500	6792.35986328125	-4712.4853515625	187500	187500	187500	187500
801	187500	187500	6783.59814453125	-4728.0419921875	187500	187500	187500	187500
802	187500	187500	6773.40576171875	-4740.0673828125	187500	187500	187500	187500
803	187500	187500	6767.83984375	-4749.6337890625	187500	187500	187500	187500
804	187500	187500	6787.12939453125	-4749.14208984375	187500	187500	187500	187500
805	187500	187500	6782.033203125	-4759.0439453125	187500	187500	187500	187500
806	187500	187500	6741.6884765625	-4795.58935546875	187500	187500	187500	187500
807	187500	187500	6716.8779296875	-4823.08154296875	187500	187500	187500	187500
808	187500	187500	6735.02783203125	-4822.8583984375	187500	187500	187500	187500
809	187500	187500	6739.296875	-4823.55126953125	187500	187500	187500	187500
810	187500	187500	6716.00634765625	-4841.54443359375	187500	187500	187500	187500
811	187500	187500	6682.99267578125	-4874.49072265625	187500	187500	187500	187500
812	187500	187500	6675.57177734375	-4894.80859375	187500	187500	187500	187500
813	187500	187500	6641.1728515625	-4932.49365234375	187500	187500	187500	187500
814	187500	187500	6595.91015625	-4968.3681640625	187500	187500	187500	187500
815	187500	187500	6557.28662109375	-5006.99169921875	187500	187500	187500	187500
816	187500	187500	6525.25634765625	-5050.8681640625	187500	187500	187500	187500
817	187500	187500	6485.71630859375	-5105.80908203125	187500	187500	187500	187500
818	187500	187500	6404.0654296875	-5177.8037109375	187500	187500	187500	187500
819	187500	187500	6334.283203125	-5222.060546875	187500	187500	187500	187500
820	187500	187500	6314.36767578125	-5229.9951171875	187500	187500	187500	187500
821	187500	187500	6360.2783203125	-5202.681640625	187500	187500	187500	187500
822	187500	187500	6454.580078125	-5118.59423828125	187500	187500	187500	187500
823	187500	187500	6508.69384765625	-5057.17138671875	187500	187500	187500	187500
824	187500	187500	6565.7578125	-4996.1064453125	187500	187500	187500	187500
825	187500	187500	6656.70703125	-4920.1552734375	187500	187500	187500	187500
826	187500	187500	6660.23876953125	-4909.3818359375	187500	187500	187500	187500
827	187500	187500	6571.70361328125	-4981.08642578125	187500	187500	187500	187500
828	187500	187500	6527.73779296875	-5027.9580078125	187500	187500	187500	187500
829	187500	187500	6582.3876953125	-5002.56640625	187500	187500	187500	187500
830	187500	187500	6633.19287109375	-4978.9404296875	187500	187500	187500	187500
831	187500	187500	6676.77880859375	-4938.08154296875	187500	187500	187500	187500
832	187500	187500	6713.927734375	-4894.07080078125	187500	187500	187500	187500
833	187500	187500	6755.99365234375	-4847.95947265625	187500	187500	187500	187500
834	187500	187500	6778.59130859375	-4839.48779296875	187500	187500	187500	187500
835	187500	187500	6748.05859375	-4881.08447265625	187500	187500	187500	187500
836	187500	187500	6714.083984375	-4919.68603515625	187500	187500	187500	187500
837	187500	187500	6730.2890625	-4918.43408203125	187500	187500	187500	187500
838	187500	187500	6750.919921875	-4907.9736328125	187500	187500	187500	187500
839	187500	187500	6732.9267578125	-4924.69287109375	187500	187500	187500	187500
840	187500	187500	6722.42138671875	-4942.3955078125	187500	187500	187500	187500
841	187500	187500	6740.59326171875	-4928.7607421875	187500	187500	187500	187500
842	187500	187500	6756.462890625	-4917.361328125	187500	187500	187500	187500
843	187500	187500	6743.16357421875	-4923.50830078125	187500	187500	187500	187500
844	187500	187500	6739.69921875	-4927.1962890625	187500	187500	187500	187500
845	187500	187500	6737.17333984375	-4954.71142578125	187500	187500	187500	187500
846	187500	187500	6743.56591796875	-4952.185546875	187500	187500	187500	187500
847	187500	187500	6767.92919921875	-4942.7978515625	187500	187500	187500	187500
848	187500	187500	6769.40478515625	-4976.50390625	187500	187500	187500	187500
849	187500	187500	6776.7138671875	-4982.89697265625	187500	187500	187500	187500
850	187500	187500	6797.03125	-4960.7685546875	187500	187500	187500	187500
851	187500	187500	6807.6259765625	-4953.50439453125	187500	187500	187500	187500
852	187500	187500	6787.59912109375	-4969.03857421875	187500	187500	187500	187500
853	187500	187500	6764.62158203125	-4987.43408203125	187500	187500	187500	187500
854	187500	187500	6782.36865234375	-4973.01708984375	187500	187500	187500	187500
855	187500	187500	6809.14599609375	-4950.01708984375	187500	187500	187500	187500
856	187500	187500	6803.53564453125	-4952.29736328125	187500	187500	187500	187500
857	187500	187500	6795.95849609375	-4965.50732421875	187500	187500	187500	187500
858	187500	187500	6809.12353515625	-4960.3212890625	187500	187500	187500	187500
859	187500	187500	6813.19189453125	-4954.21923828125	187500	187500	187500	187500
860	187500	187500	6828.32373046875	-4933.02978515625	187500	187500	187500	187500
861	187500	187500	6829.32958984375	-4939.7578125	187500	187500	187500	187500
862	187500	187500	6834.068359375	-4941.322265625	187500	187500	187500	187500
863	187500	187500	6855.01171875	-4933.1865234375	187500	187500	187500	187500
864	187500	187500	6847.859375	-4949.5927734375	187500	187500	187500	187500
865	187500	187500	6817.19287109375	-4970.603515625	187500	187500	187500	187500
866	187500	187500	6813.8623046875	-4967.49658203125	187500	187500	187500	187500
867	187500	187500	6834.470703125	-4955.42626953125	187500	187500	187500	187500
868	187500	187500	6831.453125	-4950.375	187500	187500	187500	187500
869	187500	187500	6811.6943359375	-4962.7353515625	187500	187500	187500	187500
870	187500	187500	6803.73681640625	-4963.00390625	187500	187500	187500	187500
871	187500	187500	6810.97900390625	-4946.08349609375	187500	187500	187500	187500
872	187500	187500	6793.4326171875	-4940.22705078125	187500	187500	187500	187500
873	187500	187500	6770.81298828125	-4952.90087890625	187500	187500	187500	187500
874	187500	187500	6760.12841796875	-4964.7919921875	187500	187500	187500	187500
875	187500	187500	6784.33544921875	-4943.736328125	187500	187500	187500	187500
876	187500	187500	6803.40185546875	-4926.615234375	187500	187500	187500	187500
877	187500	187500	6787.30859375	-4935.01953125	187500	187500	187500	187500
878	187500	187500	6765.4482421875	-4951.9169921875	187500	187500	187500	187500
879	187500	187500	6768.01904296875	-4953.7275390625	187500	187500	187500	187500
880	187500	187500	6781.16162109375	-4940.24951171875	187500	187500	187500	187500
881	187500	187500	6762.58740234375	-4958.376953125	187500	187500	187500	187500
882	187500	187500	6743.4765625	-4967.1611328125	187500	187500	187500	187500
883	187500	187500	6754.65234375	-4953.05712890625	187500	187500	187500	187500
884	187500	187500	6752.75244140625	-4957.37109375	187500	187500	187500	187500
885	187500	187500	6738.78271484375	-4971.1845703125	187500	187500	187500	187500
886	187500	187500	6720.3203125	-4987.9033203125	187500	187500	187500	187500
887	187500	187500	6728.2998046875	-4980.23681640625	187500	187500	187500	187500
888	187500	187500	6744.884765625	-4961.43896484375	187500	187500	187500	187500
889	187500	187500	6736.56982421875	-4968.5244140625	187500	187500	187500	187500
890	187500	187500	6734.82666015625	-4997.40283203125	187500	187500	187500	187500
891	187500	187500	6772.265625	-4988.3955078125	187500	187500	187500	187500
892	187500	187500	6790.7060546875	-4981.5556640625	187500	187500	187500	187500
893	187500	187500	6791.91259765625	-4985.82470703125	187500	187500	187500	187500
894	187500	187500	6808.52001953125	-4983.34375	187500	187500	187500	187500
895	187500	187500	6822.93701171875	-4983.27685546875	187500	187500	187500	187500
896	187500	187500	6850.630859375	-4965.41748046875	187500	187500	187500	187500
897	187500	187500	6874.74853515625	-4953.548828125	187500	187500	187500	187500
898	187500	187500	6874.8154296875	-4959.1591796875	187500	187500	187500	187500
899	187500	187500	6870.54638671875	-4971.7431640625	187500	187500	187500	187500
900	187500	187500	6890.95361328125	-4968.05517578125	187500	187500	187500	187500
901	187500	187500	6900.85546875	-4958.84619140625	187500	187500	187500	187500
902	187500	187500	6875.6650390625	-4979.3427734375	187500	187500	187500	187500
903	187500	187500	6860.15283203125	-4987.76953125	187500	187500	187500	187500
904	187500	187500	6860.2197265625	-4980.572265625	187500	187500	187500	187500
905	187500	187500	6859.50439453125	-4969.82080078125	187500	187500	187500	187500
906	187500	187500	6831.89990234375	-4976.43701171875	187500	187500	187500	187500
907	187500	187500	6799.75830078125	-4977.3759765625	187500	187500	187500	187500
908	187500	187500	6787.15185546875	-4965.7529296875	187500	187500	187500	187500
909	187500	187500	6785.54248046875	-4962.22119140625	187500	187500	187500	187500
910	187500	187500	6753.646484375	-4990.5185546875	187500	187500	187500	187500
911	187500	187500	6719.8505859375	-5001.716796875	187500	187500	187500	187500
912	187500	187500	6730.646484375	-4982.62841796875	187500	187500	187500	187500
913	187500	187500	6744.482421875	-4962.06494140625	187500	187500	187500	187500
914	187500	187500	6712.43017578125	-4965.73046875	187500	187500	187500	187500
915	187500	187500	6655.544921875	-4991.1220703125	187500	187500	187500	187500
916	187500	187500	6653.06396484375	-4995.3916015625	187500	187500	187500	187500
917	187500	187500	6685.294921875	-4973.08447265625	187500	187500	187500	187500
918	187500	187500	6709.2783203125	-4965.7978515625	187500	187500	187500	187500
919	187500	187500	6690.41357421875	-4979.83447265625	187500	187500	187500	187500
920	187500	187500	6695.19677734375	-4977.64404296875	187500	187500	187500	187500
921	187500	187500	6740.458984375	-4959.5615234375	187500	187500	187500	187500
922	187500	187500	6764.107421875	-4952.1630859375	187500	187500	187500	187500
923	187500	187500	6762.38623046875	-4958.533203125	187500	187500	187500	187500
924	187500	187500	6751.54541015625	-4966.08837890625	187500	187500	187500	187500
925	187500	187500	6780.58056640625	-4958.44384765625	187500	187500	187500	187500
926	187500	187500	6798.52880859375	-4957.70654296875	187500	187500	187500	187500
927	187500	187500	6795.55615234375	-4963.517578125	187500	187500	187500	187500
928	187500	187500	6806.19580078125	-4967.138671875	187500	187500	187500	187500
929	187500	187500	6827.8095703125	-4959.1591796875	187500	187500	187500	187500
930	187500	187500	6846.25	-4941.76953125	187500	187500	187500	187500
931	187500	187500	6832.30224609375	-4949.86083984375	187500	187500	187500	187500
932	187500	187500	6812.0068359375	-4967.7421875	187500	187500	187500	187500
933	187500	187500	6823.0712890625	-4965.46240234375	187500	187500	187500	187500
934	187500	187500	6833.53173828125	-4964.83642578125	187500	187500	187500	187500
935	187500	187500	6817.21484375	-4974.7607421875	187500	187500	187500	187500
936	187500	187500	6796.4951171875	-4977.3759765625	187500	187500	187500	187500
937	187500	187500	6793.34326171875	-4965.26123046875	187500	187500	187500	187500
938	187500	187500	6803.80419921875	-4945.1669921875	187500	187500	187500	187500
939	187500	187500	6800.2724609375	-4946.08349609375	187500	187500	187500	187500
940	187500	187500	6782.79345703125	-4956.87939453125	187500	187500	187500	187500
941	187500	187500	6786.01220703125	-4952.27490234375	187500	187500	187500	187500
942	187500	187500	6803.0439453125	-4947.87158203125	187500	187500	187500	187500
943	187500	187500	6825.5966796875	-4944.07177734375	187500	187500	187500	187500
944	187500	187500	6819.0478515625	-4953.23583984375	187500	187500	187500	187500
945	187500	187500	6803.78173828125	-4958.376953125	187500	187500	187500	187500
946	187500	187500	6809.54833984375	-4944.02685546875	187500	187500	187500	187500
947	187500	187500	6815.404296875	-4939.71337890625	187500	187500	187500	187500
948	187500	187500	6795.91357421875	-4951.9619140625	187500	187500	187500	187500
949	187500	187500	6778.45703125	-4961.7744140625	187500	187500	187500	187500
950	187500	187500	6786.16845703125	-4967.02685546875	187500	187500	187500	187500
951	187500	187500	6821.998046875	-4958.7568359375	187500	187500	187500	187500
952	187500	187500	6820.38916015625	-4955.76171875	187500	187500	187500	187500
953	187500	187500	6811.8056640625	-4961.43896484375	187500	187500	187500	187500
954	187500	187500	6831.4306640625	-4952.4091796875	187500	187500	187500	187500
955	187500	187500	6849.4462890625	-4939.71337890625	187500	187500	187500	187500
956	187500	187500	6848.68603515625	-4938.50634765625	187500	187500	187500	187500
957	187500	187500	6841.265625	-4943.8037109375	187500	187500	187500	187500
958	187500	187500	6843.6796875	-4940.361328125	187500	187500	187500	187500
959	187500	187500	6871.9765625	-4914.83544921875	187500	187500	187500	187500
960	187500	187500	6873.5859375	-4911.84033203125	187500	187500	187500	187500
961	187500	187500	6843.076171875	-4935.130859375	187500	187500	187500	187500
962	187500	187500	6840.14794921875	-4928.82763671875	187500	187500	187500	187500
963	187500	187500	6865.2490234375	-4905.91748046875	187500	187500	187500	187500
964	187500	187500	6866.70166015625	-4905.9619140625	187500	187500	187500	187500
965	187500	187500	6847.2333984375	-4925.05029296875	187500	187500	187500	187500
966	187500	187500	6843.8583984375	-4935.86865234375	187500	187500	187500	187500
967	187500	187500	6861.7841796875	-4922.43505859375	187500	187500	187500	187500
968	187500	187500	6866.1875	-4916.6240234375	187500	187500	187500	187500
969	187500	187500	6863.2373046875	-4923.955078125	187500	187500	187500	187500
970	187500	187500	6868.9814453125	-4922.994140625	187500	187500	187500	187500
971	187500	187500	6878.2578125	-4916.71337890625	187500	187500	187500	187500
972	187500	187500	6870.34521484375	-4919.23876953125	187500	187500	187500	187500
973	187500	187500	6845.78076171875	-4936.62841796875	187500	187500	187500	187500
974	187500	187500	6838.09130859375	-4940.3388671875	187500	187500	187500	187500
975	187500	187500	6856.77783203125	-4921.89892578125	187500	187500	187500	187500
976	187500	187500	6865.4052734375	-4908.71142578125	187500	187500	187500	187500
977	187500	187500	6842.673828125	-4923.68701171875	187500	187500	187500	187500
978	187500	187500	6827.78759765625	-4932.404296875	187500	187500	187500	187500
979	187500	187500	6836.4150390625	-4924.44677734375	187500	187500	187500	187500
980	187500	187500	6864.91357421875	-4901.64794921875	187500	187500	187500	187500
981	187500	187500	6859.14697265625	-4907.63818359375	187500	187500	187500	187500
982	187500	187500	6840.4384765625	-4921.47412109375	187500	187500	187500	187500
983	187500	187500	6853.13427734375	-4911.5947265625	187500	187500	187500	187500
984	187500	187500	6870.56884765625	-4901.201171875	187500	187500	187500	187500
985	187500	187500	6846.31689453125	-4916.5341796875	187500	187500	187500	187500
986	187500	187500	6819.6513671875	-4933.1640625	187500	187500	187500	187500
987	187500	187500	6821.70751953125	-4930.32568359375	187500	187500	187500	187500
988	187500	187500	6853.89404296875	-4907.5712890625	187500	187500	187500	187500
989	187500	187500	6850.92138671875	-4909.3818359375	187500	187500	187500	187500
990	187500	187500	6819.673828125	-4940.42822265625	187500	187500	187500	187500
991	187500	187500	6811.71630859375	-4945.25634765625	187500	187500	187500	187500
992	187500	187500	6826.4462890625	-4929.8115234375	187500	187500	187500	187500
993	187500	187500	6839.0751953125	-4932.7841796875	187500	187500	187500	187500
994	187500	187500	6850.0048828125	-4933.52197265625	187500	187500	187500	187500
995	187500	187500	6851.97216796875	-4931.3310546875	187500	187500	187500	187500
996	187500	187500	6843.32177734375	-4941.568359375	187500	187500	187500	187500
997	187500	187500	6850.11669921875	-4937.23193359375	187500	187500	187500	187500
998	187500	187500	6851.279296875	-4933.41015625	187500	187500	187500	187500
999	187500	187500	6854.11767578125	-4927.24072265625	187500	187500	187500	187500
